mu,M1,br_chi2_Zchi1,br_chi2_hchi1,br_chi3_Zchi1,br_chi3_hchi1
500.0,25.0,0.419445453,0.580554547,0.616737892,0.383262108
500.0,125.0,0.78552796,0.21447204,0.2505149,0.7494851
500.0,225.0,0.906045449,0.0939545511,0.131561099,0.868438901
500.0,325.0,0.976622522,0.0233774781,0.0650022913,0.934997709
600.0,25.0,0.417187739,0.582812261,0.600486759,0.399513241
600.0,125.0,0.271594804,0.728405196,0.747183301,0.252816699
600.0,225.0,0.861791147,0.138208853,0.159564585,0.840435415
600.0,325.0,0.939271923,0.0607280773,0.0846003474,0.915399653
600.0,425.0,0.984591254,0.0154087462,0.0428676177,0.957132382
700.0,25.0,0.416769952,0.583230048,0.589663233,0.410336767
700.0,125.0,0.289139653,0.710860347,0.718740459,0.281259541
700.0,225.0,0.825578232,0.174421768,0.185281129,0.814718871
700.0,325.0,0.90490374,0.0950962602,0.109023754,0.890976246
700.0,425.0,0.957775581,0.0422244188,0.058580311,0.941419689
700.0,525.0,0.98906773,0.0109322697,0.0302706071,0.969729393
800.0,25.0,0.417100224,0.582899776,0.581988786,0.418011214
800.0,125.0,0.303679989,0.696320011,0.696986596,0.303013404
800.0,225.0,0.207740538,0.792259462,0.795919862,0.204080138
800.0,325.0,0.874129319,0.125870681,0.132845009,0.867154991
800.0,425.0,0.931090026,0.0689099744,0.0787131319,0.921286868
800.0,525.0,0.969071815,0.0309281846,0.0428431862,0.957156814
800.0,625.0,0.991875684,0.00812431631,0.022501858,0.977498142
900.0,25.0,0.417734589,0.582265411,0.576289044,0.423710956
900.0,125.0,0.315764339,0.684235661,0.679825933,0.320174067
900.0,225.0,0.227066821,0.772933179,0.771371015,0.228628985
900.0,325.0,0.154749012,0.845250988,0.846998993,0.153001007
900.0,425.0,0.905557106,0.0944428944,0.0992649451,0.900735055
900.0,525.0,0.947969897,0.0520301028,0.0592936573,0.940706343
900.0,625.0,0.976414539,0.023585461,0.0326402315,0.967359768
900.0,725.0,0.993730045,0.00626995472,0.0173690124,0.982630988
1000.0,25.0,0.418478184,0.581521816,0.571902302,0.428097698
1000.0,125.0,0.325909271,0.674090729,0.665969453,0.334030547
1000.0,225.0,0.243687654,0.756312346,0.750835094,0.249164906
1000.0,325.0,0.174458751,0.825541249,0.823240003,0.176759997
1000.0,425.0,0.881838179,0.118161821,0.118993488,0.881006512
1000.0,525.0,0.926817132,0.0731828678,0.0767056612,0.923294339
1000.0,625.0,0.959414682,0.0405853183,0.0461783265,0.953821674
1000.0,725.0,0.98144058,0.0185594197,0.025667719,0.974332281
1000.0,825.0,0.995016993,0.00498300702,0.0138054221,0.986194578
1100.0,25.0,0.419243894,0.580756106,0.568431882,0.431568118
1100.0,125.0,0.334522446,0.665477554,0.654566115,0.345433885
1100.0,225.0,0.25804545,0.74195455,0.733472439,0.266527561
1100.0,325.0,0.192052238,0.807947762,0.802450008,0.197549992
1100.0,425.0,0.137419504,0.862580496,0.860156174,0.139843826
1100.0,525.0,0.906381542,0.0936184583,0.0939951748,0.906004825
1100.0,625.0,0.941771453,0.0582285472,0.0609172536,0.939082746
1100.0,725.0,0.967505423,0.0324945772,0.0369364936,0.963063506
1100.0,825.0,0.985028477,0.0149715227,0.0207017563,0.979298244
1100.0,925.0,0.995949021,0.00405097886,0.0112353576,0.988764642
1200.0,25.0,0.419984782,0.580015218,0.565616672,0.434383328
1200.0,125.0,0.341902634,0.658097366,0.645015398,0.354984602
1200.0,225.0,0.270515906,0.729484094,0.718627013,0.281372987
1200.0,325.0,0.207718926,0.792281074,0.784200086,0.215799914
1200.0,425.0,0.154390552,0.845609448,0.840479071,0.159520929
1200.0,525.0,0.11062792,0.88937208,0.887051501,0.112948499
1200.0,625.0,0.924188486,0.0758115139,0.0759425456,0.924057454
1200.0,725.0,0.952635953,0.047364047,0.0494754048,0.950524595
1200.0,825.0,0.973414568,0.0265854317,0.0301899321,0.969810068
1200.0,925.0,0.987668434,0.012331566,0.0170400295,0.98295997
1200.0,1025.0,0.996637788,0.00336221152,0.00931553937,0.990684461
1300.0,25.0,0.420688904,0.579311096,0.5632951,0.4367049
1300.0,125.0,0.348296252,0.651703748,0.636914704,0.363085296
1300.0,225.0,0.281426499,0.718573501,0.705821167,0.294178833
1300.0,325.0,0.221691583,0.778308417,0.76812545,0.23187455
1300.0,425.0,0.169924228,0.830075772,0.822689154,0.177310846
1300.0,525.0,0.126359124,0.873640876,0.869007289,0.130992711
1300.0,625.0,0.0907546757,0.909245324,0.907117573,0.0928824267
1300.0,725.0,0.937465552,0.0625344478,0.0625377963,0.937462204
1300.0,825.0,0.960762399,0.039237601,0.0409419988,0.959058001
1300.0,925.0,0.977861399,0.0221386009,0.0251239468,0.974876053
1300.0,1025.0,0.989671824,0.0103281759,0.0142673817,0.985732618
1300.0,1125.0,0.997166903,0.00283309713,0.0078492857,0.992150714
1400.0,25.0,0.421347566,0.578652434,0.561348475,0.438651525
1400.0,125.0,0.353881468,0.646118532,0.629957999,0.370042001
1400.0,225.0,0.291033566,0.708966434,0.694673326,0.305326674
1400.0,325.0,0.234184668,0.765815332,0.753896092,0.246103908
1400.0,425.0,0.184101636,0.815898364,0.806610081,0.193389919
1400.0,525.0,0.141089577,0.858910423,0.852280136,0.147719864
1400.0,625.0,0.105068082,0.894931918,0.890801505,0.109198495
1400.0,725.0,0.0756694245,0.924330576,0.922412991,0.0775870093
1400.0,825.0,0.947597218,0.0524027823,0.0523379736,0.947662026
1400.0,925.0,0.966986601,0.0330133988,0.0344180739,0.965581926
1400.0,1025.0,0.981286484,0.0187135161,0.021226027,0.978773973
1400.0,1125.0,0.991225637,0.00877436291,0.0121178207,0.987882179
1400.0,1225.0,0.997580464,0.00241953571,0.00670308896,0.993296911
1500.0,25.0,0.421959653,0.578040347,0.559694201,0.440305799
1500.0,125.0,0.358735899,0.641264101,0.623858607,0.376141393
1500.0,225.0,0.299489283,0.700510717,0.684829833,0.315170167
1500.0,325.0,0.245342544,0.754657456,0.741179924,0.258820076
1500.0,425.0,0.196990707,0.803009293,0.792008197,0.207991803
1500.0,525.0,0.154768883,0.845231117,0.836783497,0.163216503
1500.0,625.0,0.118700194,0.881299806,0.875316962,0.124683038
1500.0,725.0,0.0885627139,0.911437286,0.907706105,0.0922938955
1500.0,825.0,0.0639613413,0.936038659,0.934265452,0.0657345479
1500.0,925.0,0.955456272,0.044543728,0.0443944579,0.955605542
1500.0,1025.0,0.971824593,0.0281754072,0.0293102574,0.970689743
1500.0,1125.0,0.983952716,0.0160472835,0.018152405,0.981847595
1500.0,1225.0,0.992430555,0.00756944459,0.0104060083,0.989593992
1500.0,1325.0,0.9978865,0.00211350018,0.00577004491,0.994229955
1600.0,25.0,0.422544124,0.577455876,0.558289863,0.441710137
1600.0,125.0,0.363099305,0.636900695,0.618575169,0.381424831
1600.0,225.0,0.307079333,0.692920667,0.676184679,0.323815321
1600.0,325.0,0.255436977,0.744563023,0.729864971,0.270135029
1600.0,425.0,0.208797576,0.791202424,0.778820578,0.221179422
1600.0,525.0,0.167502936,0.832497064,0.822542995,0.177457005
1600.0,625.0,0.131641649,0.868358351,0.860797205,0.139202795
1600.0,725.0,0.101094967,0.898905033,0.893585843,0.106414157
1600.0,825.0,0.0755887901,0.92441121,0.921100859,0.0788991415
1600.0,925.0,0.0547443504,0.94525565,0.943671682,0.0563283181
1600.0,1025.0,0.961716594,0.0382834065,0.0381228644,0.961877136
1600.0,1125.0,0.975701502,0.0242984978,0.0252622139,0.974737786
1600.0,1225.0,0.986108942,0.0138910583,0.0157068453,0.984293155
1600.0,1325.0,0.993421616,0.00657838369,0.00904074483,0.990959255
1600.0,1425.0,0.998155415,0.00184458522,0.00503356034,0.99496644
1700.0,25.0,0.423067819,0.576932181,0.557053671,0.442946329
1700.0,125.0,0.366994204,0.633005796,0.61391132,0.38608868
1700.0,225.0,0.313883062,0.686116938,0.668491989,0.331508011
1700.0,325.0,0.264562749,0.735437251,0.719700623,0.280299377
1700.0,425.0,0.219593599,0.780406401,0.766834931,0.233165069
1700.0,525.0,0.179310541,0.820689459,0.809418066,0.190581934
1700.0,625.0,0.143841951,0.856158049,0.847192812,0.152807188
1700.0,725.0,0.113141476,0.886858524,0.880099031,0.119900969
1700.0,825.0,0.087025623,0.912974377,0.90823988,0.0917601203
1700.0,925.0,0.0652123159,0.934787684,0.931843786,0.0681562139
1700.0,1025.0,0.047356209,0.952643791,0.951226763,0.0487732372
1700.0,1125.0,0.966758688,0.033241312,0.0330787663,0.966921234
1700.0,1225.0,0.978835694,0.0211643059,0.0219926679,0.978007332
1700.0,1325.0,0.987859937,0.0121400627,0.013721961,0.986278039
1700.0,1425.0,0.994230474,0.005769526,0.00792675042,0.99207325
1700.0,1525.0,0.998376065,0.0016239351,0.00442926298,0.995570737
1800.0,25.0,0.42343708,0.57656292,0.555858296,0.444141704
1800.0,125.0,0.370491332,0.629508668,0.60976499,0.39023501
1800.0,225.0,0.32001343,0.67998657,0.661605746,0.338394254
1800.0,325.0,0.272844303,0.727155697,0.710528233,0.289471767
1800.0,425.0,0.229485365,0.770514635,0.755911835,0.244088165
1800.0,525.0,0.19025703,0.80974297,0.797314747,0.202685253
1800.0,625.0,0.155310471,0.844689529,0.834472849,0.165527151
1800.0,725.0,0.124649583,0.875350417,0.867285473,0.132714527
1800.0,825.0,0.0981584704,0.90184153,0.895792045,0.104207955
1800.0,925.0,0.0756305975,0.924369403,0.920144058,0.0798559422
1800.0,1025.0,0.0567967438,0.943203256,0.940576181,0.0594238194
1800.0,1125.0,0.0413496159,0.958650384,0.957379117,0.042620883
1800.0,1225.0,0.970876119,0.0291238814,0.0289643821,0.971035618
1800.0,1325.0,0.981404215,0.0185957851,0.0193152163,0.980684784
1800.0,1425.0,0.989300829,0.0106991713,0.0120893029,0.987910697
1800.0,1525.0,0.994899101,0.00510089894,0.00700605717,0.992993943
1800.0,1625.0,0.99855935,0.00144065037,0.003927358,0.996072642
1900.0,25.0,0.423892149,0.576107851,0.554908353,0.445091647
1900.0,125.0,0.373648183,0.626351817,0.606055327,0.393944673
1900.0,225.0,0.325563468,0.674436532,0.655407778,0.344592222
1900.0,325.0,0.28038757,0.71961243,0.702215401,0.297784599
1900.0,425.0,0.238569206,0.761430794,0.745928648,0.254071352
1900.0,525.0,0.200410459,0.799589541,0.786141229,0.213858771
1900.0,625.0,0.166073965,0.833926035,0.822591541,0.177408459
1900.0,725.0,0.135598039,0.864401961,0.855153859,0.144846141
1900.0,825.0,0.108916947,0.891083053,0.883822282,0.116177718
1900.0,925.0,0.0858829483,0.914117052,0.908690105,0.0913098954
1900.0,1025.0,0.066288352,0.933711648,0.929927672,0.0700723283
1900.0,1125.0,0.0498855665,0.950114434,0.947760784,0.052239216
1900.0,1225.0,0.0364043958,0.963595604,0.962451147,0.0375488526
1900.0,1325.0,0.974279909,0.025720091,0.0255662976,0.974433702
1900.0,1425.0,0.983534655,0.0164653448,0.017095785,0.982904215
1900.0,1525.0,0.990500499,0.00949950134,0.0107304643,0.989269536
1900.0,1625.0,0.99545808,0.00454191979,0.00623647445,0.993763526
1900.0,1725.0,0.998713248,0.00128675232,0.00350597422,0.996494026
2000.0,25.0,0.424314337,0.575685663,0.554063972,0.445936028
2000.0,125.0,0.376511685,0.623488315,0.602717304,0.397282696
2000.0,225.0,0.330610246,0.669389754,0.649801512,0.350198488
2000.0,325.0,0.287282672,0.712717328,0.694651101,0.305348899
2000.0,425.0,0.246931054,0.753068946,0.736778317,0.263221683
2000.0,525.0,0.209837511,0.790162489,0.775811099,0.224188901
2000.0,625.0,0.17616862,0.82383138,0.811496014,0.188503986
2000.0,725.0,0.145985906,0.854014094,0.843693055,0.156306945
2000.0,825.0,0.119260597,0.880739403,0.872364503,0.127635497
2000.0,925.0,0.0958905851,0.904109415,0.897559873,0.102440127
2000.0,1025.0,0.0757176268,0.924282373,0.919398927,0.080601073
2000.0,1125.0,0.0585437356,0.941456264,0.938054606,0.0619453939
2000.0,1225.0,0.044145615,0.955854385,0.953736903,0.0462630968
2000.0,1325.0,0.0322869819,0.967713018,0.966678829,0.0333211709
2000.0,1425.0,0.977124638,0.0228753623,0.0227285394,0.977271461
2000.0,1525.0,0.985320751,0.0146792488,0.0152360308,0.984763969
2000.0,1625.0,0.991509765,0.00849023511,0.00958763108,0.990412369
2000.0,1725.0,0.995930096,0.00406990426,0.00558670129,0.994413299
2000.0,1825.0,0.998843712,0.00115628831,0.00314877448,0.996851226
2100.0,25.0,0.424706699,0.575293301,0.553308814,0.446691186
2100.0,125.0,0.379120732,0.620879268,0.599698242,0.400301758
2100.0,225.0,0.335218078,0.664781922,0.644707362,0.355292638
2100.0,325.0,0.293606585,0.706393415,0.687741935,0.312258065
2100.0,425.0,0.254646945,0.745353055,0.728367649,0.271632351
2100.0,525.0,0.218601261,0.781398739,0.76624472,0.23375528
2100.0,625.0,0.185635134,0.814364866,0.801131102,0.198868898
2100.0,725.0,0.155825175,0.844174825,0.832879838,0.167120162
2100.0,825.0,0.129169771,0.870830229,0.86143137,0.13856863
2100.0,925.0,0.105602,0.894398,0.886802456,0.113197544
2100.0,1025.0,0.0850033048,0.914996695,0.909073314,0.0909266857
2100.0,1125.0,0.067216627,0.932783373,0.928374009,0.0716259906
2100.0,1225.0,0.0520585594,0.947941441,0.944871409,0.055128591
2100.0,1325.0,0.0393298166,0.960670183,0.95875723,0.0412427699
2100.0,1425.0,0.0288240838,0.971175916,0.970237777,0.0297622232
2100.0,1525.0,0.979525498,0.020474502,0.020335114,0.979664886
2100.0,1625.0,0.986832563,0.013167437,0.0136625372,0.986337463
2100.0,1725.0,0.992366771,0.00763322923,0.00861743562,0.991382564
2100.0,1825.0,0.996332274,0.00366772618,0.00503313244,0.994966868
2100.0,1925.0,0.998955268,0.00104473214,0.00284336605,0.997156634
2200.0,25.0,0.425072085,0.574927915,0.552629764,0.447370236
2200.0,125.0,0.381507593,0.618492407,0.596954845,0.403045155
2200.0,225.0,0.339441053,0.660558947,0.640059277,0.359940723
2200.0,325.0,0.299425038,0.700574962,0.681408781,0.318591219
2200.0,425.0,0.26178394,0.73821606,0.720615632,0.279384368
2200.0,525.0,0.22676026,0.77323974,0.757369744,0.242630256
2200.0,625.0,0.194515598,0.805484402,0.791442189,0.208557811
2200.0,725.0,0.165135826,0.834864174,0.822684047,0.177315953
2200.0,825.0,0.138639054,0.861360946,0.851021174,0.148978826
2200.0,925.0,0.114985508,0.885014492,0.8764461,0.1235539
2200.0,1025.0,0.0940882989,0.905911701,0.899008209,0.100991791
2200.0,1125.0,0.0758240645,0.924175936,0.918803014,0.0811969863
2200.0,1225.0,0.0600430576,0.939956942,0.935961545,0.0640384547
2200.0,1325.0,0.0465780601,0.95342194,0.95064034,0.0493596603
2200.0,1425.0,0.0352521635,0.964747837,0.963012615,0.0369873851
2200.0,1525.0,0.0258850889,0.974114911,0.973260645,0.0267393548
2200.0,1625.0,0.981569673,0.018430327,0.0182983783,0.981701622
2200.0,1725.0,0.988123275,0.0118767254,0.0123196394,0.987680361
2200.0,1825.0,0.993100601,0.00689939947,0.007786852,0.992213148
2200.0,1925.0,0.996677716,0.00332228401,0.0045576866,0.995442313
2200.0,2025.0,0.999051404,0.000948595743,0.00258020624,0.997419794
2300.0,25.0,0.425413036,0.574586964,0.552016145,0.447983855
2300.0,125.0,0.38369939,0.61630061,0.594451322,0.405548678
2300.0,225.0,0.34332479,0.65667521,0.635801876,0.364198124
2300.0,325.0,0.304794554,0.695205446,0.675584441,0.324415559
2300.0,425.0,0.268401036,0.731598964,0.713451774,0.286548226
2300.0,525.0,0.234368118,0.765631882,0.749120921,0.250879079
2300.0,625.0,0.202851573,0.797148427,0.782376824,0.217623176
2300.0,725.0,0.173942339,0.826057661,0.81307188,0.18692812
2300.0,825.0,0.147672699,0.852327301,0.841122709,0.158877291
2300.0,925.0,0.124023708,0.875976292,0.8665041,0.1334959
2300.0,1025.0,0.102933702,0.897066298,0.889241524,0.110758476
2300.0,1125.0,0.0843069742,0.915693026,0.909402743,0.0905972573
2300.0,1225.0,0.068022051,0.931977949,0.927089155,0.0729108448
2300.0,1325.0,0.0539393323,0.946060668,0.94242751,0.0575724903
2300.0,1425.0,0.0419077926,0.958092207,0.955562305,0.0444376952
2300.0,1525.0,0.0317706711,0.968229329,0.966649132,0.0333508676
2300.0,1625.0,0.0233701613,0.976629839,0.975849052,0.0241509481
2300.0,1725.0,0.983324068,0.0166759318,0.0165511677,0.983448832
2300.0,1825.0,0.989233825,0.0107661755,0.0111645186,0.988835481
2300.0,1925.0,0.993733721,0.00626627881,0.00707036785,0.992929632
2300.0,2025.0,0.996976601,0.00302339867,0.00414633744,0.995853663
2300.0,2125.0,0.999134833,0.000865167302,0.00235184832,0.997648152
2400.0,25.0,0.425731785,0.574268215,0.55145914,0.44854086
2400.0,125.0,0.38571903,0.61428097,0.592157809,0.407842191
2400.0,225.0,0.346908112,0.653091888,0.631888527,0.368111473
2400.0,325.0,0.309763781,0.690236219,0.670211452,0.329788548
2400.0,425.0,0.274550122,0.725449878,0.706814644,0.293185356
2400.0,525.0,0.241473609,0.758526391,0.741439776,0.258560224
2400.0,625.0,0.210683015,0.789316985,0.773885627,0.226114373
2400.0,725.0,0.182271522,0.817728478,0.804008204,0.195991796
2400.0,825.0,0.156281359,0.843718641,0.831718731,0.168281269
2400.0,925.0,0.132709465,0.867290535,0.856979193,0.143020807
2400.0,1025.0,0.111514246,0.888485754,0.879796646,0.120203354
2400.0,1125.0,0.0926226176,0.907377382,0.900216646,0.0997833545
2400.0,1225.0,0.0759367911,0.924063209,0.918316171,0.0816838285
2400.0,1325.0,0.0613408143,0.938659186,0.93419685,0.0658031503
2400.0,1425.0,0.0487063072,0.951293693,0.947978434,0.052021566
2400.0,1525.0,0.0378975262,0.962102474,0.959793018,0.0402069819
2400.0,1625.0,0.0287755988,0.971224401,0.969779989,0.0302200112
2400.0,1725.0,0.02120199,0.97879801,0.97808181,0.0219181902
2400.0,1825.0,0.984840693,0.0151593071,0.015041331,0.984958669
2400.0,1925.0,0.990196138,0.00980386234,0.010163825,0.989836175
2400.0,2025.0,0.994283714,0.00571628594,0.00644803075,0.993551969
2400.0,2125.0,0.99723693,0.0027630695,0.00378806678,0.996211933
2400.0,2225.0,0.999207699,0.000792300847,0.00215241771,0.997847582
2500.0,25.0,0.426030363,0.573969637,0.550951472,0.449048528
2500.0,125.0,0.387585962,0.612414038,0.590049151,0.409950849
2500.0,225.0,0.350224256,0.649775744,0.628279686,0.371720314
2500.0,325.0,0.314374848,0.685625152,0.665240517,0.334759483
2500.0,425.0,0.280276856,0.719723144,0.700650573,0.299349427
2500.0,525.0,0.248120758,0.751879242,0.734273916,0.265726084
2500.0,625.0,0.218047672,0.781952328,0.765922698,0.234077302
2500.0,725.0,0.190151021,0.809848979,0.79545798,0.20454202
2500.0,825.0,0.16447978,0.83552022,0.822788347,0.177211653
2500.0,925.0,0.141042938,0.858957062,0.847866762,0.152133238
2500.0,1025.0,0.119814837,0.880185163,0.870686221,0.129313779
2500.0,1125.0,0.100740834,0.899259166,0.89127454,0.10872546
2500.0,1225.0,0.0837429773,0.916257023,0.909688704,0.0903112959
2500.0,1325.0,0.068725466,0.931274534,0.926009202,0.0739907975
2500.0,1425.0,0.0555796149,0.944420385,0.940334551,0.0596654494
2500.0,1525.0,0.0441883321,0.955811668,0.952776288,0.0472237123
2500.0,1625.0,0.0344298803,0.96557012,0.963454475,0.0365455246
2500.0,1725.0,0.0261810982,0.973818902,0.972493876,0.027506124
2500.0,1825.0,0.0193199988,0.980680001,0.98002077,0.01997923
2500.0,1925.0,0.986160441,0.0138395588,0.013727896,0.986272104
2500.0,2025.0,0.991035378,0.00896462159,0.00929126665,0.990708733
2500.0,2125.0,0.994764488,0.00523551166,0.00590405488,0.994095945
2500.0,2225.0,0.997465049,0.00253495092,0.0034741187,0.996525881
2500.0,2325.0,0.999271713,0.000728287482,0.00197722388,0.998022776
2600.0,25.0,0.426310599,0.573689401,0.550487067,0.449512933
2600.0,125.0,0.389316836,0.610683164,0.588104066,0.411895934
2600.0,225.0,0.353301722,0.646698278,0.62494154,0.37505846
2600.0,325.0,0.318664266,0.681335734,0.660629056,0.339370944
2600.0,425.0,0.285621593,0.714378407,0.694912691,0.305087309
2600.0,525.0,0.254349317,0.745650683,0.727576577,0.272423423
2600.0,625.0,0.224980813,0.775019187,0.758445741,0.241554259
2600.0,725.0,0.197608301,0.802391699,0.787387111,0.212612889
2600.0,825.0,0.172285122,0.827714878,0.814308631,0.185691369
2600.0,925.0,0.149029361,0.850970639,0.839157149,0.160842851
2600.0,1025.0,0.127827906,0.872172094,0.861914968,0.138085032
2600.0,1125.0,0.108641173,0.891358827,0.882595854,0.117404146
2600.0,1225.0,0.0914077496,0.90859225,0.901240413,0.0987595872
2600.0,1325.0,0.0760489718,0.923951028,0.91791144,0.0820885602
2600.0,1425.0,0.0624732266,0.937526773,0.932689291,0.0673107087
2600.0,1525.0,0.0505798592,0.949420141,0.945667608,0.0543323918
2600.0,1625.0,0.0402625338,0.959737466,0.956949318,0.0430506817
2600.0,1725.0,0.0314121591,0.968587841,0.966643225,0.033356775
2600.0,1825.0,0.0239193083,0.976080692,0.974861044,0.0251389562
2600.0,1925.0,0.0176762022,0.982323798,0.981714981,0.0182850192
2600.0,2025.0,0.987315828,0.0126841725,0.0125783307,0.987421669
2600.0,2125.0,0.991771618,0.00822838207,0.00852590627,0.991474094
2600.0,2225.0,0.995187173,0.00481282697,0.00542582486,0.994574175
2600.0,2325.0,0.997666058,0.00233394152,0.00319747086,0.996802529
2600.0,2425.0,0.999328253,0.000671746619,0.00182249467,0.998177505
2700.0,25.0,0.426574039,0.573425961,0.550060757,0.449939243
2700.0,125.0,0.390925972,0.609074028,0.586304408,0.413695592
2700.0,225.0,0.356165136,0.643834864,0.621845068,0.378154932
2700.0,325.0,0.322663924,0.677336076,0.656340221,0.343659779
2700.0,425.0,0.290619877,0.709380123,0.689559762,0.310440238
2700.0,525.0,0.260195013,0.739804987,0.721305928,0.278694072
2700.0,625.0,0.231515089,0.768484911,0.751415962,0.248584038
2700.0,725.0,0.204670044,0.795329956,0.779763001,0.220236999
2700.0,825.0,0.179715917,0.820284083,0.806255864,0.193744136
2700.0,925.0,0.156677449,0.843322551,0.830837383,0.169162617
2700.0,1025.0,0.135551468,0.864448532,0.853481908,0.146518092
2700.0,1125.0,0.116310617,0.883689383,0.874192082,0.125807918
2700.0,1225.0,0.0989072356,0.901092764,0.892995165,0.107004835
2700.0,1325.0,0.0832772426,0.916722757,0.909939181,0.0900608192
2700.0,1425.0,0.0693437656,0.930656234,0.925089019,0.0749109809
2700.0,1525.0,0.0570205807,0.942979419,0.938522771,0.0614772288
2700.0,1625.0,0.046215093,0.953784907,0.950328271,0.049671729
2700.0,1725.0,0.0368309859,0.963169014,0.960600002,0.0393999981
2700.0,1825.0,0.0287704497,0.97122955,0.969436422,0.0305635781
2700.0,1925.0,0.0219360444,0.978063956,0.976937676,0.0230623243
2700.0,2025.0,0.016232213,0.983767787,0.983203736,0.0167962639
2700.0,2125.0,0.0115665356,0.988433464,0.988332941,0.0116670592
2700.0,2225.0,0.992420999,0.00757900103,0.00785089756,0.992149102
2700.0,2325.0,0.995560746,0.00443925366,0.00500315738,0.994996843
2700.0,2425.0,0.997844085,0.00215591485,0.002952435,0.997047565
2800.0,25.0,0.426822157,0.573177843,0.549668213,0.450331787
2800.0,125.0,0.392425733,0.607574267,0.584634594,0.415365406
2800.0,225.0,0.358835918,0.641164082,0.618965248,0.381034752
2800.0,325.0,0.326401691,0.673598309,0.652341934,0.347658066
2800.0,425.0,0.295303205,0.704696795,0.684555548,0.315444452
2800.0,525.0,0.265690106,0.734309894,0.715424694,0.284575306
2800.0,625.0,0.237680595,0.762319405,0.744797925,0.255202075
2800.0,725.0,0.211361838,0.788638162,0.772554898,0.227445102
2800.0,825.0,0.186791177,0.813208823,0.798606228,0.201393772
2800.0,925.0,0.16399823,0.83600177,0.822892415,0.177107585
2800.0,1025.0,0.142987581,0.857012419,0.845381943,0.154618057
2800.0,1125.0,0.123741795,0.876258205,0.866068729,0.133931271
2800.0,1225.0,0.10622467,0.89377533,0.884969191,0.115030809
2800.0,1325.0,0.0903844516,0.909615548,0.902119035,0.0978809652
2800.0,1425.0,0.076156991,0.923843009,0.917570025,0.0824299748
2800.0,1525.0,0.063468699,0.936531301,0.931386822,0.0686131777
2800.0,1625.0,0.0522391774,0.947760823,0.943643966,0.0563560337
2800.0,1725.0,0.0423836494,0.957616351,0.954423183,0.0455768165
2800.0,1825.0,0.0338149443,0.966185056,0.963810921,0.0361890793
2800.0,1925.0,0.0264452691,0.973554731,0.971896247,0.028103753
2800.0,2025.0,0.020187638,0.979812362,0.978769098,0.0212309021
2800.0,2125.0,0.0149570296,0.98504297,0.984518783,0.0154812168
2800.0,2225.0,0.0106713905,0.98932861,0.989232915,0.0107670851
2800.0,2325.0,0.992996632,0.00700336812,0.00725256876,0.992747431
2800.0,2425.0,0.995892518,0.00410748201,0.00462776072,0.995372239
2900.0,25.0,0.427056178,0.572943822,0.549305688,0.450694312
2900.0,125.0,0.393826864,0.606173136,0.583081197,0.416918803
2900.0,225.0,0.361332723,0.638667277,0.616280377,0.383719623
2900.0,325.0,0.329902025,0.670097975,0.648606146,0.351393854
2900.0,425.0,0.299699483,0.700300517,0.679868032,0.320131968
2900.0,525.0,0.270863434,0.729136566,0.709899366,0.290100634
2900.0,625.0,0.243504937,0.756495063,0.73855932,0.26144068
2900.0,725.0,0.217707864,0.782292136,0.765733953,0.234266047
2900.0,825.0,0.193529909,0.806470091,0.79133638,0.20866362
2900.0,925.0,0.171004133,0.828995867,0.81530599,0.18469401
2900.0,1025.0,0.150141175,0.849858825,0.837607085,0.162392915
2900.0,1125.0,0.130931641,0.869068359,0.858226793,0.141773207
2900.0,1225.0,0.113348812,0.886651188,0.877172737,0.122827263
2900.0,1325.0,0.0973513685,0.902648631,0.894470389,0.105529611
2900.0,1425.0,0.082886123,0.917113877,0.910160398,0.089839602
2900.0,1525.0,0.0698904985,0.930109502,0.924295839,0.0757041611
2900.0,1625.0,0.0582949247,0.941705075,0.936939628,0.0630603719
2900.0,1725.0,0.0480249558,0.951975044,0.948162138,0.0518378622
2900.0,1825.0,0.0390031234,0.960996877,0.958038989,0.0419610113
2900.0,1925.0,0.0311505661,0.968849434,0.966649153,0.0333508473
2900.0,2025.0,0.0243883489,0.975611651,0.974073254,0.0259267465
2900.0,2125.0,0.0186385929,0.981361407,0.980392188,0.0196078123
2900.0,2225.0,0.0138254078,0.986174592,0.985686001,0.0143139986
2900.0,2325.0,0.00987565439,0.990124346,0.990033009,0.00996699135
2900.0,2425.0,0.993509252,0.00649074822,0.00671973014,0.99328027
3000.0,25.0,0.427277247,0.572722753,0.548970006,0.451029994
3000.0,125.0,0.395138776,0.604861224,0.581632597,0.418367403
3000.0,225.0,0.363671852,0.636328148,0.613771506,0.386228494
3000.0,325.0,0.333186484,0.666813516,0.645108267,0.354891733
3000.0,425.0,0.303833572,0.696166428,0.675468923,0.324531077
3000.0,525.0,0.27574116,0.72425884,0.704700108,0.295299892
3000.0,625.0,0.249013456,0.750986544,0.732670778,0.267329222
3000.0,725.0,0.223730885,0.776269115,0.759273317,0.240726683
3000.0,825.0,0.19995073,0.80004927,0.784423755,0.215576245
3000.0,925.0,0.177708439,0.822291561,0.808061341,0.191938659
3000.0,1025.0,0.157019278,0.842980722,0.830147445,0.169852555
3000.0,1125.0,0.137880325,0.862119675,0.850663958,0.149336042
3000.0,1225.0,0.12027274,0.87972726,0.869611424,0.130388576
3000.0,1325.0,0.104164064,0.895835936,0.88700688,0.11299312
3000.0,1425.0,0.0895104552,0.910489545,0.902881523,0.0971184766
3000.0,1525.0,0.0762589735,0.923741027,0.917278484,0.0827215156
3000.0,1625.0,0.0643495887,0.935650411,0.930250528,0.0697494721
3000.0,1725.0,0.0537171202,0.94628288,0.94185798,0.0581420196
3000.0,1825.0,0.0442928939,0.955707106,0.952166758,0.0478332423
3000.0,1925.0,0.036006224,0.963993776,0.961246612,0.038753388
3000.0,2025.0,0.0287856932,0.971214307,0.969169619,0.0308303809
3000.0,2125.0,0.0225601966,0.977439803,0.976008832,0.0239911685
3000.0,2225.0,0.0172598324,0.982740168,0.981837194,0.0181628059
3000.0,2325.0,0.0128166246,0.987183375,0.986726642,0.0132733584
3000.0,2425.0,0.00916514246,0.990834858,0.990747427,0.00925257266
3100.0,25.0,0.427486437,0.572513563,0.548658485,0.451341515
3100.0,125.0,0.396369706,0.603630294,0.580278695,0.419721305
3100.0,225.0,0.365867695,0.634132305,0.611422124,0.388577876
3100.0,325.0,0.336274137,0.663725863,0.641826676,0.358173324
3100.0,425.0,0.307727634,0.692272366,0.671333143,0.328666857
3100.0,525.0,0.280346792,0.719653208,0.699800117,0.300199883
3100.0,625.0,0.254229329,0.745770671,0.727105588,0.272894412
3100.0,725.0,0.22945216,0.77054784,0.753148087,0.246851913
3100.0,825.0,0.206071654,0.793928346,0.777846832,0.222153168
3100.0,925.0,0.184124762,0.815875238,0.801141604,0.198858396
3100.0,1025.0,0.16363026,0.83636974,0.822991849,0.177008151
3100.0,1125.0,0.14459043,0.85540957,0.843375484,0.156624516
3100.0,1225.0,0.126992958,0.873007042,0.862287384,0.137712616
3100.0,1325.0,0.110812823,0.889187177,0.879737587,0.120262413
3100.0,1425.0,0.0960142683,0.903985732,0.895749371,0.104250629
3100.0,1525.0,0.0825526761,0.917447324,0.910357286,0.0896427136
3100.0,1625.0,0.0703764642,0.929623536,0.923605292,0.0763947082
3100.0,1725.0,0.0594286949,0.940571305,0.935544825,0.0644551753
3100.0,1825.0,0.0496486364,0.950351364,0.946233118,0.0537668816
3100.0,1925.0,0.0409730924,0.959026908,0.955731599,0.0442684006
3100.0,2025.0,0.0333375896,0.96666241,0.964104491,0.0358955092
3100.0,2125.0,0.0266773796,0.97332262,0.971417575,0.0285824253
3100.0,2225.0,0.0209282774,0.979071723,0.977737141,0.0222628586
3100.0,2325.0,0.0160273624,0.983972638,0.983129104,0.016870896
3100.0,2425.0,0.011913549,0.988086451,0.987658295,0.0123417049
3200.0,25.0,0.427684505,0.572315495,0.54836858,0.45163142
3200.0,125.0,0.397526801,0.602473199,0.579010507,0.420989493
3200.0,225.0,0.367932819,0.632067181,0.609217555,0.390782445
3200.0,325.0,0.339181834,0.660818166,0.638742163,0.361257837
3200.0,425.0,0.311401351,0.688598649,0.667438217,0.332561783
3200.0,525.0,0.284701375,0.715298625,0.695175134,0.304824866
3200.0,625.0,0.259173644,0.740826356,0.721839333,0.278160667
3200.0,725.0,0.234891444,0.765108556,0.747335133,0.252664867
3200.0,825.0,0.211909877,0.788090123,0.771585118,0.228414882
3200.0,925.0,0.190266694,0.809733306,0.794530057,0.205469943
3200.0,1025.0,0.16998331,0.83001669,0.816128284,0.183871716
3200.0,1125.0,0.151066226,0.848933774,0.836354795,0.163645205
3200.0,1225.0,0.133508469,0.866491531,0.855199929,0.144800071
3200.0,1325.0,0.117291286,0.882708714,0.872667943,0.127332057
3200.0,1425.0,0.102385813,0.897614187,0.888775438,0.111224562
3200.0,1525.0,0.0887547395,0.91124526,0.903549679,0.0964503206
3200.0,1625.0,0.0763538472,0.923646153,0.917026908,0.0829730924
3200.0,1725.0,0.0651335755,0.934866424,0.929250769,0.0707492312
3200.0,1825.0,0.0550403167,0.944959683,0.940270739,0.059729261
3200.0,1925.0,0.0460177037,0.953982296,0.950140739,0.0498592605
3200.0,2025.0,0.0380076681,0.961992332,0.958917837,0.0410821635
3200.0,2125.0,0.0309513698,0.96904863,0.966661087,0.0333389133
3200.0,2225.0,0.0247900304,0.97520997,0.973430573,0.0265694274
3200.0,2325.0,0.0194655792,0.980534421,0.979286535,0.0207134652
3200.0,2425.0,0.0149212251,0.985078775,0.984288678,0.0157113218
3300.0,25.0,0.427872309,0.572127691,0.548098269,0.451901731
3300.0,125.0,0.398616426,0.601383574,0.577820239,0.422179761
3300.0,225.0,0.369878469,0.630121531,0.607145007,0.392854993
3300.0,325.0,0.341924588,0.658075412,0.635837762,0.364162238
3300.0,425.0,0.314872398,0.685127602,0.663764182,0.336235818
3300.0,525.0,0.288824107,0.711175893,0.690803531,0.309196469
3300.0,625.0,0.263865783,0.736134217,0.716849921,0.283150079
3300.0,725.0,0.240067099,0.759932901,0.741813162,0.258186838
3300.0,825.0,0.217481723,0.782518277,0.765619315,0.234380685
3300.0,925.0,0.196147645,0.803852355,0.788210468,0.211789532
3300.0,1025.0,0.17608826,0.82391174,0.809544496,0.190455504
3300.0,1125.0,0.157313325,0.842686675,0.829594206,0.170405794
3300.0,1225.0,0.13982029,0.86017971,0.848346364,0.151653636
3300.0,1325.0,0.123595735,0.876404265,0.865800557,0.134199443
3300.0,1425.0,0.108616671,0.891383329,0.881967743,0.118032257
3300.0,1525.0,0.0948520711,0.905147929,0.896868918,0.103131082
3300.0,1625.0,0.082264267,0.917735733,0.910533696,0.0894663041
3300.0,1725.0,0.0708101976,0.929189802,0.922998841,0.0770011587
3300.0,1825.0,0.0604426807,0.939557319,0.934306944,0.0656930561
3300.0,1925.0,0.0511115393,0.948888461,0.944505175,0.0554948253
3300.0,2025.0,0.0427645579,0.957235442,0.953644068,0.0463559317
3300.0,2125.0,0.0353484071,0.964651593,0.961776529,0.0382234714
3300.0,2225.0,0.0288093573,0.971190643,0.968956856,0.0310431445
3300.0,2325.0,0.0230939556,0.976906044,0.975239973,0.0247600274
3300.0,2425.0,0.0181495484,0.981850452,0.98068072,0.0193192797
3400.0,25.0,0.428050497,0.571949503,0.547845689,0.452154311
3400.0,125.0,0.399644256,0.600355744,0.57670104,0.42329896
3400.0,225.0,0.371714507,0.628285493,0.605193044,0.394806956
3400.0,325.0,0.344515757,0.655484243,0.633098356,0.366901644
3400.0,425.0,0.318156668,0.681843332,0.660293211,0.339706789
3400.0,525.0,0.292732282,0.707267718,0.686665748,0.313334252
3400.0,625.0,0.268323342,0.731676658,0.712117148,0.287882852
3400.0,725.0,0.244996161,0.755003839,0.736562537,0.263437463
3400.0,825.0,0.222802622,0.777197378,0.759931305,0.240068695
3400.0,925.0,0.201780696,0.798219304,0.782167213,0.217832787
3400.0,1025.0,0.181955069,0.818044931,0.803228048,0.196771952
3400.0,1125.0,0.163338133,0.836661867,0.823085153,0.176914847
3400.0,1225.0,0.145930972,0.854069028,0.841722515,0.158277485
3400.0,1325.0,0.129724559,0.870275441,0.859135831,0.140864169
3400.0,1425.0,0.114701009,0.885298991,0.875331397,0.124668603
3400.0,1525.0,0.10083474,0.89916526,0.89032487,0.10967513
3400.0,1625.0,0.088093793,0.911906207,0.904140095,0.0958599047
3400.0,1725.0,0.076440876,0.923559124,0.916807798,0.0831922025
3400.0,1825.0,0.0658345824,0.934165418,0.928364481,0.0716355187
3400.0,1925.0,0.0562303221,0.943769678,0.938851242,0.0611487581
3400.0,2025.0,0.0475812635,0.952418736,0.948312726,0.0516872738
3400.0,2125.0,0.0398391203,0.96016088,0.95679616,0.0432038397
3400.0,2225.0,0.0329549056,0.967045094,0.964350523,0.0356494772
3400.0,2325.0,0.0268795092,0.973120491,0.971025754,0.0289742458
3400.0,2425.0,0.021564234,0.978435766,0.976872116,0.0231278838
3500.0,25.0,0.428219715,0.571780285,0.547609259,0.452390741
3500.0,125.0,0.400615254,0.599384746,0.575646793,0.424353207
3500.0,225.0,0.373449788,0.626550212,0.603351575,0.396648425
3500.0,325.0,0.346967304,0.653032696,0.630510486,0.369489514
3500.0,425.0,0.321268376,0.678731624,0.657009255,0.342990745
3500.0,525.0,0.296441501,0.703558499,0.682744079,0.317255921
3500.0,625.0,0.272562489,0.727437511,0.707622675,0.292377325
3500.0,725.0,0.249694329,0.750305671,0.731565126,0.268434874
3500.0,825.0,0.227887111,0.772112889,0.754504153,0.245495847
3500.0,925.0,0.207178386,0.792821614,0.776385279,0.223614721
3500.0,1025.0,0.187593768,0.812406232,0.797166656,0.202833344
3500.0,1125.0,0.169147641,0.830852359,0.816818608,0.183181392
3500.0,1225.0,0.151844093,0.848155907,0.835323025,0.164676975
3500.0,1325.0,0.135677785,0.864322215,0.852672449,0.147327551
3500.0,1425.0,0.120635135,0.879364865,0.868869248,0.131130752
3500.0,1525.0,0.106695333,0.893304667,0.883924567,0.116075433
3500.0,1625.0,0.0938313764,0.906168624,0.897857235,0.102142765
3500.0,1725.0,0.0820111454,0.917988855,0.910692743,0.0893072569
3500.0,1825.0,0.0711983471,0.928801653,0.922462158,0.0775378425
3500.0,1925.0,0.0613534667,0.938646533,0.933201158,0.0667988415
3500.0,2025.0,0.0524345562,0.947565444,0.942949053,0.0570509474
3500.0,2125.0,0.044398,0.955602,0.951747908,0.0482520921
3500.0,2225.0,0.0371991913,0.962800809,0.959641772,0.040358228
3500.0,2325.0,0.0307931099,0.96920689,0.966675967,0.0333240326
3500.0,2425.0,0.0251347989,0.974865201,0.972896438,0.0271035624
3600.0,25.0,0.428380461,0.571619539,0.547387539,0.452612461
3600.0,125.0,0.401533822,0.598466178,0.574652055,0.425347945
3600.0,225.0,0.375092166,0.624907834,0.601611571,0.398388429
3600.0,325.0,0.349289915,0.650710085,0.628062089,0.371937911
3600.0,425.0,0.324220308,0.675779692,0.653897878,0.346102122
3600.0,525.0,0.299965905,0.700034095,0.679022514,0.320977486
3600.0,625.0,0.276597927,0.723402073,0.703349738,0.296650262
3600.0,725.0,0.254176123,0.745823877,0.726804227,0.273195773
3600.0,825.0,0.23274874,0.76725126,0.74932198,0.25067802
3600.0,925.0,0.212352724,0.787647276,0.770850396,0.229149604
3600.0,1025.0,0.193014236,0.806985764,0.791348253,0.208651747
3600.0,1125.0,0.174749204,0.825250796,0.810785304,0.189214696
3600.0,1225.0,0.157564058,0.842435942,0.829141775,0.170858225
3600.0,1325.0,0.141456648,0.858543352,0.846407748,0.153592252
3600.0,1425.0,0.126417045,0.873582955,0.862582315,0.137417685
3600.0,1525.0,0.112428523,0.887571477,0.877672753,0.122327247
3600.0,1625.0,0.099468459,0.900531541,0.89169359,0.10830641
3600.0,1725.0,0.0875092827,0.912490717,0.904665722,0.0953342777
3600.0,1825.0,0.0765193041,0.923480696,0.916615442,0.0833845585
3600.0,1925.0,0.0664635516,0.933536448,0.927573562,0.0724264378
3600.0,2025.0,0.0573045312,0.942695469,0.937574583,0.0624254168
3600.0,2125.0,0.0490029138,0.950997086,0.946655874,0.053344126
3600.0,2225.0,0.0415181565,0.958481843,0.954856964,0.0451430364
3600.0,2325.0,0.0348090393,0.965190961,0.962218866,0.0377811335
3600.0,2425.0,0.0288341554,0.971165845,0.968783514,0.0312164863
3700.0,25.0,0.428533165,0.571466835,0.54717927,0.45282073
3700.0,125.0,0.402403901,0.597596099,0.573712013,0.426287987
3700.0,225.0,0.376648626,0.623351374,0.599964953,0.400035047
3700.0,325.0,0.35149313,0.64850687,0.62574231,0.37425769
3700.0,425.0,0.327024016,0.672975984,0.650946102,0.349053898
3700.0,525.0,0.303318328,0.696681672,0.675486561,0.324513439
3700.0,625.0,0.280443069,0.719556931,0.699283007,0.300716993
3700.0,725.0,0.25845489,0.74154511,0.722264435,0.277735565
3700.0,825.0,0.237400196,0.762599804,0.744370005,0.255629995
3700.0,925.0,0.217315164,0.782684836,0.765549074,0.234450926
3700.0,1025.0,0.198226117,0.801773883,0.785761151,0.214238849
3700.0,1125.0,0.180150211,0.819849789,0.804975818,0.195024182
3700.0,1225.0,0.163095826,0.836904174,0.823172124,0.176827876
3700.0,1325.0,0.147063347,0.852936653,0.840338091,0.159661909
3700.0,1425.0,0.132046035,0.867953965,0.856470157,0.143529843
3700.0,1525.0,0.118030671,0.881969329,0.871572306,0.128427694
3700.0,1625.0,0.104998461,0.895001539,0.885655364,0.114344636
3700.0,1725.0,0.0929258662,0.907074134,0.898736217,0.101263783
3700.0,1825.0,0.0817852902,0.91821471,0.910836937,0.0891630634
3700.0,1925.0,0.0715458519,0.928454148,0.921984002,0.0780159977
3700.0,2025.0,0.0621741198,0.93782588,0.932207589,0.0677924106
3700.0,2125.0,0.0536346797,0.94636532,0.941540805,0.0584591953
3700.0,2225.0,0.0458907345,0.954109266,0.95001902,0.0499809798
3700.0,2325.0,0.0389046092,0.961095391,0.957679283,0.0423207173
3700.0,2425.0,0.0326382239,0.967361776,0.964559773,0.0354402274
3800.0,25.0,0.428678189,0.571321811,0.546983343,0.453016657
3800.0,125.0,0.403228942,0.596771058,0.572822329,0.427177671
3800.0,225.0,0.378125432,0.621874568,0.598404499,0.401595501
3800.0,325.0,0.353585532,0.646414468,0.623541431,0.376458569
3800.0,425.0,0.32968986,0.67031014,0.648142188,0.351857812
3800.0,525.0,0.306510362,0.693489638,0.672123039,0.327876961
3800.0,625.0,0.284110149,0.715889851,0.695408486,0.304591514
3800.0,725.0,0.262542957,0.737457043,0.717931585,0.282068415
3800.0,825.0,0.241853279,0.758146721,0.739634473,0.260365527
3800.0,925.0,0.222076395,0.777923605,0.760468461,0.239531539
3800.0,1025.0,0.203238716,0.796761284,0.780394084,0.219605916
3800.0,1125.0,0.185358137,0.814641863,0.799380864,0.200619136
3800.0,1225.0,0.168444632,0.831555368,0.817407049,0.182592951
3800.0,1325.0,0.152500777,0.847499223,0.834459114,0.165540886
3800.0,1425.0,0.137522425,0.862477575,0.850531204,0.149468796
3800.0,1525.0,0.123499463,0.876500537,0.865624589,0.134375411
3800.0,1625.0,0.110416452,0.889583548,0.879746912,0.120253088
3800.0,1725.0,0.0982533573,0.901746643,0.892911532,0.107088468
3800.0,1825.0,0.0869862522,0.913013748,0.905136803,0.0948631972
3800.0,1925.0,0.0765879742,0.923412026,0.916445385,0.083554615
3800.0,2025.0,0.0670287245,0.932971276,0.926863536,0.0731364639
3800.0,2125.0,0.0582766757,0.941723324,0.936420488,0.0635795121
3800.0,2225.0,0.0502984935,0.949701506,0.94514784,0.0548521598
3800.0,2325.0,0.0430597947,0.956940205,0.953078976,0.0469210242
3800.0,2425.0,0.0365256072,0.963474393,0.960248583,0.0397514165
3900.0,25.0,0.428815755,0.571184245,0.546798747,0.453201253
3900.0,125.0,0.404011965,0.595988035,0.571979113,0.428020887
3900.0,225.0,0.379528078,0.620471922,0.596923668,0.403076332
3900.0,325.0,0.355574763,0.644425237,0.621450653,0.378549347
3900.0,425.0,0.332227081,0.667772919,0.645475436,0.354524564
3900.0,525.0,0.309552476,0.690447524,0.668919956,0.331080044
3900.0,625.0,0.287610299,0.712389701,0.691713373,0.308286627
3900.0,725.0,0.266451562,0.733548438,0.713792573,0.286207427
3900.0,825.0,0.24611886,0.75388114,0.735102529,0.264897471
3900.0,925.0,0.226646538,0.773353462,0.755596538,0.244403462
3900.0,1025.0,0.208060844,0.791939156,0.775236196,0.224763804
3900.0,1125.0,0.190380228,0.809619772,0.793991238,0.206008762
3900.0,1225.0,0.173615897,0.826384103,0.811839379,0.188160621
3900.0,1325.0,0.157772206,0.842227794,0.828765853,0.171234147
3900.0,1425.0,0.142847295,0.857152705,0.84476301,0.15523699
3900.0,1525.0,0.128833659,0.871166341,0.859829768,0.140170232
3900.0,1625.0,0.115718784,0.884281216,0.873971042,0.126028958
3900.0,1725.0,0.103485767,0.896514233,0.887197145,0.112802855
3900.0,1825.0,0.0921139476,0.907886052,0.899523171,0.100476829
3900.0,1925.0,0.0815794523,0.918420548,0.91096833,0.0890316698
3900.0,2025.0,0.0718558246,0.928144175,0.921555412,0.0784445884
3900.0,2125.0,0.0629144956,0.937085504,0.931310142,0.0686898577
3900.0,2225.0,0.0547253002,0.9452747,0.940260655,0.0597393448
3900.0,2325.0,0.0472569157,0.952743084,0.94843698,0.0515630197
3900.0,2425.0,0.0404772506,0.959522749,0.955870558,0.0441294416
