ptl1,ptl2,ptb1,ptb2,mll,mbb,mllbb,mR,mTR,MET,THT
183.82,118.75,250.2,53.62,90.8441,118.553,690.368,701.05,196.533,108.31,303.82
128.41,45.2,249.4,142.58,90.9827,135.034,489.639,617.902,401.255,346.47,568.03
189.61,91.63,184.25,56.66,97.7359,65.4006,333.562,602.408,386.223,294.04,537.36
284.22,143.39,73.87,45.72,89.3731,122.013,461.957,633.319,426.639,425.19,298.69
297.47,152.53,57.71,46.59,91.7857,39.1004,450.683,670.772,508.282,497.25,270.29
360.44,78.28,69.3,40.43,89.5723,93.4426,493.629,633.963,408.254,358.23,198.22
278.05,52.49,181.69,170.61,90.5298,113.615,907.42,907.594,190.044,109.21,425.28
371.89,112.28,345.69,75.19,88.9158,96.1459,940.417,945.478,229.668,106.38,450.91
331.7,328.85,162.16,106.46,90.9109,123.774,923.071,1037.49,571.57,474.47,268.62
243.56,219.06,328.09,66.93,90.8763,107.016,911.843,939.512,422.064,331.96,474.81
207.53,74.87,117.39,65.65,91.8745,110.818,595.713,682.887,334.108,293.16,217.69
370.11,163.98,586.75,44.14,90.6221,218.602,1184.61,1217.31,436.614,271.03,693.75
434.54,404.84,346.08,85.08,89.3407,99.9431,1327.48,1398.07,686.697,556.77,491.53
158.92,18.59,89.33,76.62,88.8291,108.812,402.069,439.752,122.673,153.6,425.68
124.44,51.09,173.63,72.55,91.5293,126.36,493.505,628.412,436.64,482.56,388.36
255.43,84.35,421.07,213.9,90.692,127.093,946.232,992.723,436.11,303.85,669.95
122.33,67.62,51,43.36,91.7634,83.8769,307.913,344.246,174.972,152.58,94.36
205.49,188.74,236.51,166.49,92.5203,97.5312,921.799,940.152,459.632,438.95,649.91
726.29,88.35,123.21,109.25,82.3203,119.001,1309.04,1469.37,706.13,595.12,363.89
138.03,25.69,226.5,115.22,93.4404,118.873,522.745,613.649,359.486,321.37,415.58
196.4,181.97,369.58,77.49,76.8017,115.406,929.146,1006.71,469.74,368.5,485.64
287.19,134.5,88.3,36.37,90.2523,101.441,496.552,659.124,519.127,565.37,262.63
140.61,39.11,160.9,58.5,88.6287,102.105,367.037,476.133,320.982,301.78,288.75
253.79,67.07,230.54,52.67,91.4017,115.934,983.07,1013.36,319.394,247.6,283.21
148.21,12.87,136.11,31.77,91.1726,1061.11,1206.66,1230.64,248.994,255.29,167.88
246.18,24,217.77,167.99,90.5704,123.933,553.507,678.092,437.59,372.96,385.76
144.7,34.58,152.64,88.76,92.5208,55.0541,414.399,427.317,107.534,49.41,453.47
239.54,207.6,405.77,58.8,97.0946,103.757,957.841,958.024,90.9174,17.89,464.57
277.96,197.05,35.83,34.71,95.2116,33.4894,393.968,612.986,245.737,145.39,607
188.05,72.14,126.28,89.09,89.6533,116.211,498.894,502.756,211.029,178.93,326.22
341.39,208.24,362.49,82.34,93.1017,116.265,1237.27,1300.2,246.302,105.33,835.89
517.14,400.65,210.88,160.55,92.1136,126.297,2749.96,2835.32,331.256,181.15,1086.89
161.65,108.63,212.51,155.15,88.892,118.518,630.41,796.193,396.425,287.08,586.99
106.5,57.07,149.39,51.34,91.3357,81.5695,401.27,434.651,145.906,85.46,279.47
102.58,50.55,248.01,159.2,91.6182,116.387,608.33,781.04,503.117,501.41,445.9
145.18,42.57,84.47,40.09,91.8395,113.37,366.924,423.201,224.686,211.36,124.56
218.42,65.17,117.79,90.79,84.4041,59.5341,534.173,540.605,315.42,357.33,434.35
896.14,26.99,59.23,36.54,90.2803,89.7682,572.262,1064.84,873.568,827.16,220.53
327.4,294.22,85.61,32.21,85.5112,120.444,602.065,880.08,655.027,649.17,117.82
254.56,78.37,162.6,92.68,86.0624,119.398,532.397,640.093,411.578,371.01,255.28
153.89,150.49,102.51,47.34,90.1429,101.705,948.378,1038.18,426.933,432.41,192.67
114.4,54.72,175.47,105.64,95.7783,122.394,710.545,834.53,370.668,314.15,458.54
212.4,78.58,176.72,138.79,93.2113,138.703,620.009,620.21,147.547,75.35,385.15
127.28,60.25,212.13,122.01,76.1202,124.213,435.476,554.728,394.375,366.47,378.78
210.6,27.11,216.92,109.68,87.9331,125.661,591.734,613.222,365.254,383.31,532.74
338.44,219.82,543.38,60.64,76.3384,109.041,1202.56,1227.94,405.824,241.45,843.01
220.3,91.1,285.32,43.45,90.8501,112.087,514.074,667.77,431.323,350.39,458.83
100.14,53.44,225.81,91.06,88.6303,112.985,553.817,682.37,329.879,295.51,596.16
158,58,390.93,41.92,89.6186,79.8069,610.035,731.346,437.969,369.39,473.57
156.7,111.15,179.97,99.82,93.3746,121.689,303.668,573.726,487.382,471.91,446.76
389.17,217.1,300.19,94.78,95.5544,102.777,2026.14,2038.08,433.304,310.05,490.94
220.42,18.79,220.81,97.54,90.555,105.586,730.546,745.833,392.009,449.88,679.52
132.46,54.93,324.21,139.02,92.445,125.837,719.575,797.513,422.689,372.54,511.87
717.94,173.21,612.46,88.53,91.7613,118.403,2422.79,2430.29,358.479,150.51,788.82
349.48,214.6,111.07,91.66,83.0568,91.2875,629.035,776.808,534.786,474.69,274.03
176.2,134.12,339.31,132.27,92.048,120.169,864.117,965.812,495.053,412.83,532.85
198.17,70.68,53.53,44.19,94.4117,87.8712,501.177,566.856,253.848,210.37,180.4
406.67,45.41,84.01,72.49,89.4067,86.3906,585.756,682.678,421.279,451.42,520.19
174.27,54.24,172.36,150.87,94.084,111.059,492.559,632.278,421.804,384.54,323.23
356.98,60.56,310.53,39.83,90.7977,100.658,756.377,780.335,296.866,187.28,350.36
335.92,87.32,52.74,38.48,95.1141,99.7367,403.69,559.078,415.606,388.94,91.22
247.69,135.87,102.48,39.45,93.1987,112.454,441.377,535.964,358.456,332.93,141.93
110.45,62.1,115.88,93.25,96.1819,117.775,449.472,571.773,366.101,366.39,209.13
235.42,80.72,121.33,45.73,90.8796,111.654,366.492,575.382,462.137,469.31,167.06
234.12,91.24,245.49,105.07,76.12,122.137,1115.77,1141,185.377,76.7,518.3
359.6,238.05,318.83,39,93.7539,103.051,898.73,980.319,532.782,423.79,436.87
206.75,161.1,377.97,35.44,80.8697,78.7458,777.502,810.375,340.791,231.2,413.41
356.22,114.72,413.36,105.67,94.1536,122.749,1183.77,1197.42,320.872,178.97,519.03
115.37,40.74,169.31,86.7,90.6586,122.528,264.394,430.453,339.956,324.72,256.01
165.53,99.39,295.38,162.4,91.4096,118.452,859.525,899.649,345.973,248.2,457.78
389.38,95.57,277.99,93.86,77.3231,117.456,847.097,897.67,408.561,292.69,371.85
378.62,310.46,227.93,187.3,92.2943,102.523,1387.12,1433.84,602.526,505.91,620.38
480.87,230.7,72.97,39.26,91.3388,119.395,497.738,864.659,702.41,687.01,223.99
117.64,10.92,330.37,141.2,76.664,125.816,459.246,719.319,571.913,573.5,471.57
138.94,39.11,273.94,47.84,88.2103,113.782,432.27,575.574,448.521,469.87,413.79
122.43,103.81,239.18,31.52,91.6164,107.806,1045.38,1062.38,273.893,223.78,329.4
134.55,77.18,73.52,38.44,91.2621,102.185,400.405,489.449,282.226,286.19,111.96
166.96,3.18,647.51,38.84,112.595,104.171,661.877,893.612,585.171,487.67,875.56
305.29,103.49,304.98,192.72,69.2638,103.966,1020.76,1027.85,128.576,32.33,537.45
662.21,214.82,221.52,148.86,90.6776,120.953,1327.81,1454.51,735.45,592.9,370.38
104.91,100.16,270.74,196.4,96.0951,111.801,600.029,683.391,413.177,350.62,591.3
277.64,230.77,107.74,105.36,90.9469,105.468,596.393,741.733,498.238,435.39,213.1
264.22,158.45,85.66,47.95,91.252,113.97,403.925,569.934,428.778,410.22,133.61
416.1,71.85,328.33,86.85,92.8945,128.018,931.802,959.489,296.953,157.17,466.6
167.68,96.9,152.18,100.03,87.1701,74.0709,557.302,636.2,379.568,353.52,287.03
203.93,175.72,108.16,84.99,86.8902,117.6,662.147,695.943,411.326,532.59,652.35
211.86,100.57,196.76,85.18,90.3034,100.7,687.055,712.934,270.571,190.27,281.94
194.82,74.7,169.82,66.22,90.8049,119.297,652.512,740.447,385.457,365.96,236.04
187.12,158.81,137.1,97.73,101.016,116.41,501.372,602.241,372.151,312.18,234.83
125.27,67.28,265.99,129.37,90.6674,121.303,555.292,623.875,346.767,286.82,395.36
154.13,27.26,106.11,75.71,84.8851,107.441,398.315,459.782,325.157,414.1,545.99
189.69,41.61,175.89,70.96,95.6392,118.573,461.281,482.093,207.43,150.99,246.85
106.27,38.95,115.73,32.43,92.0283,122.356,327.204,394.183,227.442,225.8,148.16
328.69,213.13,257.29,53.6,90.2034,97.5435,742.35,894.118,549.486,455.74,407.3
391.35,244.68,42.74,39.15,92.3701,85.8854,661.245,900.413,445.742,672.55,1122.84
507.33,22.76,156.26,95.31,91.2155,81.9863,871.669,921.095,252.792,119.51,408.96
552.69,123.28,193.72,76.13,90.5161,117.912,887.127,977.025,263.153,178.76,1533.41
150.21,81.26,166.51,113.85,90.5133,121.358,544.678,575.178,272.929,224.21,376.17
240.32,97.3,264.04,198.05,88.9755,116.312,1058.81,1096.88,288.232,158.85,586.55
161.53,36.64,132.09,83.17,89.421,105.286,288.898,465.632,380.485,380.67,279.38
148.02,58.87,142.94,127.46,89.9174,123.287,508.087,571.11,344.858,329.28,382.54
552.62,131.64,342.55,72.66,85.9071,122.572,1103.79,1160.22,439.638,269.42,501.41
136.7,91.04,75.09,53.38,90.718,90.1027,664.656,707.342,232.175,187.06,191.75
150.82,84.1,51.95,40.55,94.7744,104.65,332.284,400.475,287.565,318.56,171.87
181.61,116.01,212.98,144.59,91.4427,113.093,672.603,677.097,163.393,93.64,495.88
217.49,154.11,183.06,117.57,91.3846,90.3708,754.998,778.046,290.636,200.34,300.63
151.25,31.74,297.23,210.04,95.21,117.146,712.333,783.617,370.731,275.61,580.25
299.87,77.34,122.62,81.31,94.3885,116.528,453.464,599.136,348.742,277.48,396.27
175.74,69.4,169.74,39.09,88.4818,55.067,364.416,472.648,320.267,277.5,208.83
177.39,72.72,128.46,56.78,90.7932,93.1357,436.124,461.718,189.265,125.92,217.8
192.63,108.42,337.85,57.09,88.0421,112.311,727.665,742.856,131.024,49.37,529.93
261.34,30.26,66.83,43.84,86.7466,100.665,394.593,491.13,465.302,667.62,616.3
182.59,143.37,101.49,100.61,91.8236,112.247,700.16,750.282,259.053,176.32,362.47
120.15,37.84,72.77,67.67,90.3598,101.846,574.536,637.7,391.624,562.21,442.52
225.96,0.82,72.89,44.31,42.4386,119.391,343.509,398.293,301.905,402.91,281.75
221.93,18.22,100.61,58.84,97.4609,76.6442,703.153,743.01,157.301,79.54,393.45
122.37,34.11,305.81,33.29,92.3752,111.206,451.06,521.958,184.002,234.56,822.64
134.75,11.7,92.03,83.75,79.8805,106.985,262.824,360.988,216.972,221.88,493.37
216.96,100.62,165.68,57.83,87.2633,107.944,427.804,549.085,409.502,393,261.43
121.16,59.73,112.83,52.71,88.0798,109.724,450.222,546.964,337.539,358.78,165.54
122.89,119.93,129.42,54.52,91.7449,114.48,327.011,451.918,256.07,196.68,318.5
170,114.55,120.91,80.02,92.7054,115.416,587.066,715.422,421.904,405.55,200.93
121.92,80.03,128.79,52.45,92.233,107.424,439.969,445.117,120.232,68.71,181.24
139.07,109.67,115.46,66.33,87.9935,119.358,331.836,493.375,379.401,372.55,388.77
135.75,28.75,131.51,47.57,88.2329,102.096,810.401,822.509,150.187,97.41,179.08
271.33,68.35,350.76,30.9,89.0078,111.523,745.615,779.249,320.703,221.08,381.66
120.94,82.34,85.35,74.4,86.4099,73.0504,276.13,443.008,332.22,318.76,212.25
449.11,97.07,358.86,94.78,83.4304,97.812,1026.01,1052.31,328.449,176.22,562.46
247.88,73.5,305.95,220.38,91.5821,127.065,1056.63,1080.69,346.738,225.15,571.27
310.58,259.34,272.73,57.48,76.6897,113.153,934.128,991.275,419.095,303.58,481.58
283.3,14.99,239.21,44.08,87.1654,118.672,550.945,629.149,313.578,229.45,339.33
217.92,53.83,66.78,56.98,90.2402,101.625,418.294,469.289,293.961,288.01,255.03
315.97,94.23,228.2,127.79,99.1065,155.985,761.994,783.928,310.634,235.78,543.94
274.69,169.84,74.11,54.8,89.7629,143.928,442.82,630.44,471.687,554.01,483.78
200.25,180.91,153.34,106.71,90.9417,107.196,707.316,736.141,303.777,221.97,260.05
100.03,92.88,119.71,49.78,90.7735,96.9379,249.456,390.551,323.229,327.46,169.49
336.58,97.2,111.01,51.58,89.7273,109.828,1176.26,1258.59,465.658,421.71,301.38
106.49,14.47,179.55,114.05,87.4314,101.923,411.004,472.378,95.0369,92.56,603.43
299.85,43.74,219.34,205.49,90.6197,125.28,1033.92,1041.11,260.435,156.15,503.64
510.47,140.63,276.12,120.22,90.8066,91.0566,1227.83,1259.31,418.374,265.78,486.37
245.77,238.18,127.49,58.63,99.5381,110.257,564.592,721.906,493.4,442.58,186.12
266.68,203.13,252.41,66.58,69.5866,110.919,873.732,893.667,298.578,184.27,375.46
220.61,164.08,222.25,96.52,89.3028,74.695,715.346,718.97,170.717,76.69,318.77
131.27,28.84,181.95,51.35,90.8119,125.874,297.058,472.676,374.003,418.92,657.27
226.08,82.21,49.97,30.11,88.5766,78.9586,381.659,504.169,338.203,347.67,80.08
273.03,55.29,207.52,56.84,91.5066,119.28,704.409,779.122,368.41,302.53,296.32
320.38,107.19,123.61,40.72,86.2685,81.8914,649.849,724.346,446.735,449.92,373.79
149.54,99.5,115.43,49.4,70.5713,102.298,311.972,420.336,312.487,299.09,164.83
284,145.85,587.99,76.73,90.081,121.393,1098.01,1152.86,533.202,397.28,664.72
161.62,87.84,110.33,62.33,91.4807,53.6332,442.068,462.769,133.44,63.82,224.57
422.23,145.75,211.89,124.06,92.3925,104.772,807.122,937.722,554.757,455.06,429.89
264.48,95.29,283.96,55.64,91.2844,97.0101,1336.05,1358.46,336.02,264.44,480.15
107.24,39.94,113.12,107.5,91.7883,57.121,361.361,415.962,297.156,327.21,329.01
151.74,143.67,201.82,106.94,91.0802,122.836,687.596,786.129,404.102,340.01,364.97
150.17,89.44,191.75,54.76,78.5224,93.7493,487.042,520.972,204.144,134.91,360.57
338.42,189.29,263.22,110.3,126.931,124.814,2163.41,2214.43,554.248,456.6,373.52
133.1,118.01,112.83,100.96,86.8377,114.081,461.874,508.585,259.832,211.85,213.79
170.92,44.6,286.36,113.14,91.0137,111.126,457.108,674.366,502.616,456.52,399.5
198.79,76.15,102.88,66,96.8051,118.597,1032.49,1105.53,306.907,253.33,386.38
109.41,53.29,90.57,31.02,91.6033,108.871,674.826,717.847,252.483,372.65,555.62
158.69,118.58,139.11,62.65,91.165,100.984,335.459,499.634,409.766,408.13,241.81
126.16,97.13,327.24,34.26,90.8387,118.555,666.435,687.838,403.61,447.08,667.5
116.99,49.81,310.21,256.53,89.6195,141.995,487.255,760.999,628.012,607.38,728.57
172.08,67.1,261.87,51.66,91.7582,102.85,406.069,573.75,323.461,226.79,562.48
115.53,106.66,137.86,34.83,87.7593,120.983,1065.01,1077.17,213.365,167.15,172.69
152.29,48.79,511.04,74.16,90.4735,117.288,563.033,802.659,625.335,586.96,585.2
205.96,74.94,75.77,58.75,91.2829,104.872,246.519,454.033,393.933,400.08,169.23
167.91,127.04,264.12,166.55,90.7934,110.935,661.751,753.111,447.013,371.9,430.67
245.1,142.37,177.52,108.88,90.5155,120.143,821.023,858.969,388.477,335.57,369.95
211.35,9.95,168.46,111.78,89.0981,125.533,343.198,555.847,387.942,331.38,368.22
140.39,10.02,98.05,87,91.9843,83.3018,374.701,390.58,167.983,129.47,185.05
218.34,132.45,327.76,90.46,73.8066,120.799,871.774,894.463,328.412,226.1,418.22
430.03,213.8,108.92,62.24,92.1511,100.569,872.274,1184.8,542.969,389.56,703.92
145.67,64.7,131.98,69.51,90.4887,116.281,369.301,443.713,407.93,529.6,581.66
259.42,213.56,218.24,36.87,87.8649,117.494,821.357,887.314,299.715,197.46,611.19
362.75,269.98,105.71,90.63,91.7092,119.143,529.74,848.987,529.743,385.89,648.37
137.65,67.48,50.62,36.46,95.0842,85.5595,241.54,295.286,95.0591,103.19,288.47
203.44,91.18,88.15,49.81,89.037,85.1296,239.601,463.8,398.949,400.49,137.96
588.35,525.59,402.11,65.81,91.0659,110.125,1673.45,1836.88,926.834,737.48,467.92
318.04,105.6,185.17,86.05,90.6918,112.295,669.954,758.988,433.744,365.14,271.22
218.14,40.78,267.46,83.14,90.0057,118.623,538.593,639.017,407.488,359.19,457.88
150.54,56.05,262.44,56.2,93.0768,125.173,878.361,897.556,241.36,172.67,318.64
245.85,64.2,172.11,135.11,89.7232,110.401,1111.97,1123.86,231.035,141.52,377.81
125.48,34.75,263.33,33.04,90.0567,99.8312,497.012,572.117,339.998,318.12,651.19
265.42,83.57,78.52,36.15,89.9084,87.2338,533.59,668.1,409.607,402.82,114.67
252.73,182.6,181.79,40.23,91.0242,87.0734,586.037,678.654,411.355,341.09,256.37
681.76,87.85,414.86,81.28,90.4352,109.531,1274.35,1308.26,469.71,284.52,496.14
149.36,131.27,272.47,184.45,91.5223,112.593,798.948,882.47,149.426,43.27,785.74
249.77,22.75,117.92,72.09,92.1202,332.049,582.162,632.394,126.413,67.97,393.97
640.07,21.66,210.21,178.03,92.327,116.289,981.253,1065.61,511.777,366.89,534.87
220,166.4,149.74,119.58,90.1452,122.692,670.432,761.61,419.31,352.35,269.32
102.84,31.4,187.85,49.61,90.3992,100.684,326.477,410.175,279.798,278.32,302.84
232.37,51.38,90.03,58.21,93.0914,119.77,405.146,473.194,209.366,138.9,237.93
152.66,122.2,192.34,134.85,91.6337,117.644,767.707,844.066,427.54,386.18,357.41
215.78,38.71,144.83,35.47,89.4876,114.844,468.668,473.263,102.319,43.78,180.3
347.18,79.08,48.25,42.02,89.1794,35.8607,693.009,772.735,389.291,353.97,90.27
272.05,190.31,241.65,62.1,90.1696,90.4339,721.067,775.714,396.461,302.75,303.75
174.72,9.25,80.91,42.25,92.9537,81.3518,600.653,633.416,181.075,180.91,440.06
100.94,26.87,118.01,53.13,88.6473,45.5187,395.511,427.917,223.438,223.3,252.54
243.93,80.95,81.45,44.87,91.0033,113.294,263.693,486.455,420.558,425.96,191.69
158.5,41.26,198.24,166.51,78.8516,110.028,534.49,587.22,299.441,251.9,569
144.94,96.46,190.91,71.46,96.7332,111.931,529.793,542.182,151.295,74.7,297.57
238.05,57.54,180.68,97.89,96.9601,126.123,567.828,632.979,339.898,278.04,278.57
177.74,80.32,564.16,39.58,91.0167,118.178,890.311,1034.88,441.112,288.31,896.26
148.63,98.29,166.36,135.8,92.5758,102.502,473.776,555.93,377.947,365.11,413.66
144.7,74.16,257.57,147.33,84.5584,107.774,588.537,716.664,430.707,366.18,455.87
238.99,176.52,220.77,52.54,90.3517,109.009,783.936,804.14,259.87,159.09,273.31
176.15,73.71,74.37,41.32,95.5328,123.152,409.307,478.159,376.598,547.08,173.69
123.41,35.15,68.72,61.77,92.7651,360.303,1463.41,1465.76,190.332,389.41,708.17
154.25,75.49,244.85,82.65,87.3507,111.919,654.204,764.473,371.26,299.07,399.67
194.01,36.62,132.19,114.32,85.5407,125.011,398.734,587.005,462.138,475.56,295.69
174.21,38.22,201.94,57.2,90.9667,98.7869,1841.41,1890.45,116.209,62.21,691.03
158.46,18.52,333.36,89.07,47.0065,117.056,464.308,612.342,465.485,439.22,422.43
122.02,23.09,76.72,37.15,90.737,134.586,394.323,425.015,199.292,247.05,194
291.19,112.96,362.01,68.24,81.941,107.542,850.083,863.277,224.147,138.9,683.73
291.36,57.14,141.77,31.12,90.5468,132.358,578.867,638.414,292.494,232.91,212.33
553.51,114.55,305.51,257.53,86.9672,117.873,1250.85,1277.18,411.152,253.57,928.53
249.43,42.88,114.81,75.22,91.0874,100.579,489.743,507.621,189.511,120.57,190.03
160.78,33.5,102.71,40.68,91.5269,119.615,373.027,377.127,102.305,60.94,143.39
231.28,147.97,120.43,118.04,90.5731,91.293,594.873,636.754,303.875,223.84,285.2
408.63,49.8,402.92,58.85,84.561,118.41,1170.73,1186.29,329.536,197.27,461.77
307.6,188.22,234.02,183.18,94.7046,125.576,964.922,1177.26,460.566,285.32,1133.79
122.54,94.9,129.3,108.3,90.4559,109.856,484.837,499.308,200.536,142.09,237.6
305.13,128.93,276.3,132.57,92.5098,125.586,946.664,976.568,328.679,203.06,444.8
120.5,97.25,447.05,189.61,91.7579,191.709,1107.88,1198.8,577.008,523.52,736.88
185.72,161.49,296.58,135.1,89.57,106.61,689.531,787.538,434.488,331.9,590.39
825,496.67,366.8,139.32,91.871,136.687,1731.7,1920.09,560.596,239.09,1273.47
362.67,49.73,281.22,126.96,91.473,107.36,1007.36,1015.04,272.046,160.45,469.62
160.63,120.96,81.23,63.81,91.2152,100.195,423.004,465.983,219.702,165.4,182.01
417.26,138.79,158.39,107.96,91.941,119.031,929.012,1011.54,469.64,366.55,424.41
252.53,170.92,189.61,131.04,91.3249,112.095,965.527,975.06,253.583,153.53,439.1
280.07,90.32,265.37,72.19,95.373,122.858,685.837,729.619,349.284,259.29,337.56
208.57,52.14,248.5,104.25,82.214,105.229,644.197,680.036,328.902,269.25,393.33
290.12,151.31,258.16,186.98,90.2231,109.876,1223.4,1247.13,253.089,114.06,566.76
214.3,200.15,147.3,108.58,92.266,124.263,502.692,701.421,488.412,420.55,425.34
101.96,44.34,91.19,71.4,93.8336,90.8481,352.881,365.34,156.333,121.95,162.59
253.78,117.12,284.81,173.78,91.2516,119.551,843.04,849.269,212.374,106.73,564.99
198.1,63.16,157.1,64.56,89.2421,107.459,342.72,523.695,279.799,191.85,480.59
120.67,17.57,258.85,190.59,92.8811,111.771,292.763,636.31,587.348,611.01,727.01
115.01,25.14,48.9,44.05,89.0453,68.7414,288.823,297.695,142.266,176.23,370.78
136.59,57.91,102.06,79.22,87.4408,109.45,423.997,426.452,95.0226,48.85,181.28
153.3,130.01,232.37,124.37,88.4814,125.814,736.743,765.203,266.249,171.15,356.74
506.84,222.62,188.44,126.98,87.623,102.34,930.564,1091.57,170.197,70.56,921.37
140.99,111.4,190.71,78.05,91.1749,67.2947,538.725,539.837,117.155,50.79,268.76
420.88,51.86,430.54,45.39,84.1659,137.716,1235.83,1251.34,368.654,240.13,553.96
692.87,279.77,400.69,108.84,91.9138,124.373,2449.53,2494.1,667.015,459.18,509.53
252.17,46.96,46.56,32.18,90.7303,94.6006,315.751,408.307,293.718,419.5,501.72
310.59,146.09,281.44,79.83,107.597,118.879,809.857,832.848,312.172,195.93,361.27
351.74,88.21,152.51,147.16,90.94,107.203,780.551,796.812,268.029,162.36,329.74
162.26,90.35,261.03,83.53,98.5909,107.755,587.072,672.649,378.526,316.9,344.56
175.41,90.58,239.68,30.71,92.8466,108.391,532.705,585.538,284.452,217.84,301.56
126.88,85.18,141.5,61.74,90.3915,120.981,251.514,455.339,367.86,360.58,313.39
125.68,42.7,115.94,66.65,79.57,97.5742,270.055,423.537,288.336,254.8,225.1
735.3,290.54,42.81,42.65,91.2876,53.5883,680.89,1167.97,553.564,351.34,1507.56
364.93,84.02,334.38,191.46,94.3102,118.471,978.637,982.961,242.752,112.08,525.84
134.71,107.98,196.97,32.6,111.106,90.4132,283.127,503.329,284.626,250.28,544.83
290.36,34.56,194.3,69.3,82.2363,114.026,836.899,872.11,247.425,208.05,555.5
205.4,62.49,129.53,103.18,91.0081,89.8482,472.032,532.844,316.484,269.71,266.27
1165.82,235.24,365.13,133.84,89.3958,126.924,1972.03,2173.67,1084,837.72,573.64
287.1,112.26,342.47,77.29,87.3609,101.579,2434.17,2459.11,470.696,381.66,419.76
132.53,37.19,197.31,35.9,89.6565,61.9921,437.44,492.541,300.328,293.41,304.09
181.72,35.92,274.57,122.27,86.3788,130.918,577.322,631.764,313.86,232.46,441.74
209.24,25.11,75.34,50.51,90.9452,81.9862,338.709,380.024,241.775,232.14,183.21
289.69,110.4,372.19,87.58,90.981,126.572,1160.27,1162.62,165.612,68.74,647.2
130.71,114.26,144.09,78.96,88.1002,107.879,502.411,505.501,147.372,96.72,339.15
229.03,17.41,185.02,70.95,93.1266,116.839,859.413,944.971,408.317,382.51,255.97
132.69,83.66,265.49,43.29,88.0632,113.554,616.537,739.429,243.938,143.55,659.51
278.24,210.01,430.65,83.86,90.589,134.961,957.755,1037.76,536.363,445.47,1113.56
146.9,124.51,440.15,90.61,89.2862,114.495,812.512,888.589,461.075,368.33,572.39
260.91,127.89,122.02,112.66,90.3094,114.998,493.677,641.63,482.085,462.84,282.45
194.75,33.24,335.44,85.6,89.4579,112.97,804.615,830.384,244.64,145.85,488.58
111.99,21.51,196.62,45.82,91.2311,108.456,341.4,400.068,242.317,310.63,593.53
374.42,8.74,192.12,147.2,94.3554,124.603,687.673,736.565,366.074,277.82,339.32
178.08,47.73,183.24,41.96,88.0773,118.411,509.824,534.318,212.525,155.67,225.2
510.29,163.18,66.63,54.68,90.6355,93.3123,510.885,824.216,692.351,669.39,121.31
227.05,109.31,107.24,71.03,88.5346,107.881,509.662,591.258,356.763,330.34,178.27
372.99,76.4,96.7,71.5,88.043,119.566,608.444,778.41,522.769,505.39,239.07
171.92,47.56,151.45,79.56,81.0736,114.771,1417.87,1446.15,345.27,343.71,310.15
103.06,58.71,129.68,73.93,87.9072,335.224,501.369,537.826,207.887,204.64,203.61
126.67,27.67,255.01,52.47,76.2178,124.063,341.375,477.013,361.626,344.31,307.48
383.84,189.93,302.54,60.33,91.6406,121.193,1185.11,1212.49,256.837,113.98,518.41
237.37,24.03,648.04,36.56,89.5031,113.046,806.266,964.754,618.782,521.51,684.6
400.04,183.04,268.73,89.14,99.1593,109.451,991.589,1028.48,399.258,265.92,357.87
344.59,88.63,355.72,83.9,90.9914,101.847,919.009,927.716,315.122,199.71,517.15
826.95,817.25,1018.83,84.48,90.4958,728.485,3014.66,3089.87,1200.71,878.66,1306.36
250.09,172.7,68.78,59.02,84.3528,113.288,482.41,620.68,469.965,634.37,752.93
479.78,261.07,56.99,50.81,92.4166,108.824,504.671,862.097,702.798,668.92,107.8
116.07,26.49,209.49,154.02,97.8428,112.062,415.927,573.957,413.384,392.87,363.51
141.35,61.9,70.13,65.03,106.209,121.796,359.895,391.599,166.407,132.69,135.16
912.64,250.51,131.77,87.26,94.6519,120.285,1094.4,1485.88,1110.54,1056.1,800.54
112.63,99.24,241.12,99.7,90.5715,115.939,462.275,648.893,465.161,445.59,422.93
143.61,127.35,90.43,51.58,85.5244,120.98,448.784,568.259,351.097,349.43,142.01
161.68,160.77,141.77,112.63,92.1964,107.751,566.027,672.358,395.086,344.86,254.4
244.65,27.01,98.12,48.14,93.4566,59.7675,394.511,459.431,232.033,169.27,461.82
171.46,8.83,352.94,42.9,98.7696,107.914,603.059,661.564,333.179,267.53,395.84
117.55,54.94,124.27,81.29,86.3967,112.487,337.442,446.164,311.51,314.52,205.56
317.33,278.73,185.35,91.7,88.7538,121.749,803.727,885.305,427.311,301.13,277.05
326.7,9.19,358.15,170.34,86.3672,123.062,716.424,878.864,575.252,491.1,581.9
399.2,80.95,106.27,60.28,91.9772,103.091,616.177,724.908,440.67,391.75,166.55
543.32,310.21,92.44,83.3,91.8728,116.533,808.511,1063.16,768.633,692.42,267.95
305.45,283.67,531.17,103.91,89.4695,117.519,1471.56,1496.71,459.499,284.42,671.33
321.14,48.05,507.96,179.39,90.7542,666.811,1182.53,1197.98,330.089,230.87,687.35
480.63,389.78,316.37,181.26,90.011,102.423,1298.34,1410.7,768.731,618.95,571.52
118.73,57.35,259.89,60.05,90.2151,114.011,362.901,527.318,406.82,385.77,319.94
399.62,202.03,271.7,213.78,92.1562,126.689,1156.11,1163.33,228.092,86.23,485.48
324.26,131.68,324.91,116.39,91.9492,130.94,948.514,950.853,272.627,160.24,659.83
330.57,61.64,83.09,34.71,90.3614,74.2804,254.05,522.054,489.149,508.88,117.8
169.18,56.31,237.73,110.64,91.7253,109.139,574.835,607.414,270.414,194.94,348.37
117.81,51.38,148.73,136.57,89.1513,95.6033,387.061,474.466,317.599,285.36,285.3
139.04,82.94,192.72,138.49,90.745,111.014,670.326,745.752,377.464,330.06,331.21
308.65,72.64,339.49,79.45,89.9205,119.196,1036.62,1107.41,510.899,447.45,500.77
184.11,79.69,170.75,37.32,91.8049,90.685,442.788,567.332,396.033,390.98,251.29
119.51,9.86,274.85,189.65,89.7794,117.887,942.171,1024.87,494.69,515.93,791.5
137.63,126.05,144.35,70.36,98.8005,112.43,380.526,544.662,420.934,417.17,310.56
226.33,30.54,443.06,95.45,90.2148,105.173,759.45,816.444,401.162,298.73,538.51
120.07,38.6,166.58,41.18,92.2712,53.7013,273.918,397.84,342.67,384.18,306.1
244.31,104.36,116.71,51.83,91.5977,94.4215,381.49,536.958,436.354,442.79,385.67
279,50.31,349.8,61.53,87.5951,113.203,717.185,839.297,492.325,414.75,443.51
126.29,86.38,362.28,45.29,85.7834,90.4418,641.522,721.873,401.925,344.62,407.57
436.64,319.69,61.73,57.99,91.1607,28.5227,1014.69,1205,640.537,545.66,333.44
589.89,94.55,114.05,36.55,92.0621,95.7879,586.393,853.247,669.631,648.89,433.29
191.8,14.43,121.81,38.78,90.3358,107.99,565.79,579.809,181.225,135.39,160.59
284.59,136.49,281.46,53.99,90.6885,98.9062,858.597,862.568,162.031,63.43,335.45
246.43,189.87,177.48,159.58,91.5626,114.53,775.604,811.414,426.788,368.16,452.78
113.83,60.53,112.41,109.17,85.2954,130.059,444.685,446.068,151.616,124.67,472.28
174.82,53.56,269.11,96.97,90.4989,113.631,516.753,638.805,428.206,385.34,366.08
272.67,97.37,344.63,117.33,92.8295,112.761,899.085,956.923,197.368,72.01,702.26
455.96,74.95,263.24,38.63,98.5483,122.975,968.518,1004.01,342.641,223.35,419.4
185.97,17.06,124.34,88.71,92.0481,95.576,481.839,484.14,103.056,49.99,213.05
177.77,82.33,169.15,33.19,90.6898,111.108,445.801,487.486,401.268,505.47,493.21
152.13,20.77,109.11,75.66,92.3862,120.42,344.186,376.692,173.365,133.52,184.77
274.9,33.79,278.9,70.77,92.2725,119.406,704.805,707.273,275.792,259.65,769.81
265.17,22.62,348.28,153.34,91.1083,108.093,949.159,1021.91,449.659,349.67,654.13
208.2,47.44,225.2,199.82,89.8066,128.018,644.309,692.981,355.577,280.19,478.22
128.27,81.28,139.28,121.55,85.221,118.219,450.896,493.222,346.778,380.91,547.51
157.93,94.65,128.97,67.53,98.1544,54.882,566.04,570.127,136.442,85.37,373.23
291.96,57.22,77.75,35.24,85.4246,35.5477,412.169,473.719,325.412,307.6,154.12
251.53,173.13,352.81,77.86,92.5085,123.663,917.834,918.327,186.991,81.6,494.71
302.1,133.98,232.51,78.59,100.179,117.345,878.304,1022.77,464.534,346.16,521.47
671.07,87.42,296.03,81.75,87.4067,118.11,1440.23,1491.9,738.254,740.23,1274.08
140.53,113.77,97.47,38.26,92.9773,105.974,705.242,735.57,201.738,148.47,219.25
152.54,98.21,81.18,46.16,89.3047,117.509,271.152,421.595,406.727,535.24,652.35
303.58,82.75,339.1,53.47,87.5134,113.124,795.63,803.703,239.458,129.54,392.57
450.14,385.35,794.57,31.93,87.4601,103.141,2025.78,2043,501.196,261.61,826.5
185.83,99.23,225.91,35.35,94.0385,117.83,526.31,558.908,216.057,132.83,302.82
230.85,67.16,67.1,62.1,90.7851,117.091,442.604,544.027,313.797,299.95,129.2
665.54,65.5,67.62,35.91,89.2834,99.9092,566.065,880.066,693.699,647.37,134.62
205.98,193,285.01,249.92,90.9145,125.419,934.133,957.804,317.656,179.29,534.93
109.05,67.68,123.98,76.45,91.7123,116.076,584.001,645.276,347.197,375.05,382.21
281.81,53.69,167,71.24,81.9121,118.943,621.967,635.493,184.853,98.41,238.24
180.3,65.71,177.85,39.85,87.8932,102.103,616.097,713.343,380.408,363.96,297.57
108.68,80.42,260.42,240.4,90.4011,123.283,705.142,898.258,515.833,440.13,564.94
357.79,158.95,124.4,39.17,93.9917,87.3654,603.418,720.644,454.03,393.41,163.57
131.85,76.85,110.89,92.37,98.6863,127.236,1132.35,1133.41,148.038,109.62,278.48
212.28,167.55,95.31,89.17,91.4481,116.503,572.367,623.409,337.583,284.8,249.56
185.34,143.79,138.41,66.48,90.0039,122.267,581.134,604.27,350.652,411.36,987.36
201.9,102.94,317.56,62.74,90.9312,76.942,580.26,701.465,440.765,366.2,426.31
389.09,243.18,210.6,109.57,92.8836,122.076,830.744,1002.84,417.627,308.93,810.42
198.73,105.24,155.56,90.7,87.5471,89.1753,575.497,601.305,331.592,310.51,368.57
147.01,38.98,84.46,71.7,89.4009,90.1149,300.818,407.62,308.953,328.01,194.42
176.9,7.55,336.6,65.04,89.9706,130.552,783.611,839.353,431.311,428.02,434.55
126.58,113.68,135.1,30.03,86.5298,86.2037,693.121,733.399,263.011,222.69,198.38
249.37,226.6,498.38,87.77,90.6019,114.753,972.09,1073.55,462.591,284.39,815.74
242.71,144.81,462.6,45.41,88.609,123.483,900.804,912.809,406.333,329.75,831.22
192.92,189.15,108.83,50.11,92.1393,96.5039,656.715,702.826,281.461,207.45,210.53
217.43,43.09,234.88,146.66,93.9172,114.66,636.994,674.656,305.342,217.37,381.54
165.53,121.51,149.72,43.68,89.7495,112.216,585.03,594.721,115.122,47.58,225.53
187.18,168.13,199.79,93.11,88.1102,118.104,1063.92,1075.72,250.879,157.09,328.51
189.75,77.4,349.42,75.93,91.515,120.423,666.337,706.611,297.793,195.17,425.35
108.39,55.78,203.3,109.74,81.8537,105.879,411.697,607.223,443.143,431.65,437.09
120.82,30.12,145.84,92.45,89.3348,111.35,768.627,804.073,222.197,169.92,423.97
138.19,56.8,86,54.54,92.1822,120.762,252.678,372.694,241.143,213.01,192.89
217.86,147.46,493.49,98.07,92.0171,119.709,712.299,1006.38,555.004,370.84,859.43
367.02,114.92,215.98,31.93,90.8912,112.102,800.455,854.116,388.099,303.04,247.91
555.77,302.01,362.83,62.01,90.0459,122.055,1258.99,1356.91,665.323,497.16,486.06
122.17,27.89,129.3,40.57,58.2883,109.89,253.803,336.269,268.849,291.5,268.8
146.58,44.71,253.07,190.55,77.2639,121.745,635.065,710.132,375.437,305.81,443.62
280.96,144.24,459.39,82.04,90.0242,125.463,1001.76,1010.72,273.173,136.13,541.43
106.57,16.27,300.81,189.83,86.5513,101.515,393.484,669.058,555.901,553.98,533.96
111.91,49.33,97.8,84.33,90.8515,110.485,645.262,649.79,122.337,79.47,182.13
230.69,34.77,127.27,105.29,89.5502,121.132,688.521,709.771,229.981,164.08,232.56
354.41,66.97,73.17,32.76,71.493,51.0435,361.431,541.318,459.018,455.64,155.86
258.68,35.46,33.89,33.06,91.7563,27.8795,451.002,499.304,267.342,255.39,191.24
396.3,6.19,98.04,75.22,88.2196,76.1151,512.748,601.243,389.388,345.93,173.26
138.67,14.98,162.89,65.72,90.6568,112.227,439.521,454.163,164.306,165.56,479.41
114.2,83.98,73.81,57.01,95.6037,72.7307,351.791,361.375,167.002,152.01,235.72
243.54,134.34,52.1,45.25,91.1667,109.799,397.132,554.897,398.392,403.59,153.16
230.25,198.39,191.21,124.34,88.2687,112.98,773.852,782.887,154.406,59.19,414.14
384.69,129.19,172.28,83.39,90.2398,119.055,715.323,805.441,333.008,197.78,360.82
284.4,32.15,110.31,60.22,90.6644,106.98,332.627,539.578,435.216,433.46,170.53
113.24,24.57,183.44,98.43,91.0866,124.643,444.383,473.365,212.876,157.5,322.68
329.06,195.23,333.39,159.26,70.6382,123.949,1031.33,1032.32,280.898,158.46,626.59
203.64,154.25,85.27,51.86,92.1557,105.232,500.711,562.392,208.587,122.72,281
218.13,44.46,360.03,240.61,86.8822,125.583,829.617,894.96,450.425,339.33,600.64
128.09,51.41,110.98,81.57,89.9232,106.678,395.977,400.287,194.258,193.31,333.69
685.07,16.6,104.62,83.69,91.4076,101.118,745.389,916.616,670.644,636.25,371.14
173.32,68.43,166.36,72.15,89.6244,111.37,512.536,627.376,330.173,318.73,567.36
290.86,71.44,126.02,113.6,89.8446,122.93,513.483,642.31,442.479,398.43,323.68
392.37,167.29,307.37,199.43,90.7376,104.684,1129.73,1133.18,255.741,115.44,697.09
328.55,232.49,179.55,94.4,89.9224,91.2503,766.181,844.86,479.973,393.28,273.95
231.39,150.45,179.48,153.67,89.249,117.451,668.535,732.579,286.881,166.85,481.47
328.37,168.05,213.34,66.95,77.9732,114.346,638.217,793.25,541.643,475.02,280.29
210.37,12.65,151.08,118.89,87.6145,115.511,522.181,524.964,104.269,41.71,269.97
211.29,1.59,473.23,50.17,88.3493,119.479,701.122,767.726,282.996,160.34,651.56
323.05,82.76,193.3,98.58,89.577,120.78,1088.17,1095.85,227.37,127.87,405.25
558.34,78.11,292.04,122.75,90.5578,116.124,853.829,1070.6,542.095,363.24,1403.26
188.12,40.01,114.45,46.02,91.3272,135.076,347.732,459.32,206.021,138.15,509.18
110.04,107.46,156.46,93.92,91.9124,123.376,854.955,856.16,150.043,97.05,344.46
175.83,33.52,176.97,87.18,92.2046,99.5145,432.059,558.733,385.96,369.87,264.15
282.96,79.7,251.21,159.18,91.9167,115.333,878.083,917.253,375.417,275.52,446.57
589.33,229.28,195.3,191.39,93.9983,98.5387,1192.44,1269.7,372.75,202.31,808.68
116.83,83.12,147.22,45.92,88.5327,120.526,513.553,629.399,376.282,381.41,193.14
126.98,81.64,86.78,79.38,91.01,77.9143,256.428,401.796,372.323,417.12,241.92
415.42,63.6,263.07,212.5,90.705,103.799,1197.14,1198.59,123.023,31.41,565.32
149.11,82.49,240.97,31.03,91.1407,69.4582,571.704,578.25,146.175,79.05,345.8
114.81,44.54,151.09,46.59,90.1623,64.2737,303.069,423.822,268.706,222.72,484.85
153.65,14.41,297.75,267.43,87.6305,234.368,1150.42,1229.7,494.071,424.51,565.18
307.25,11.51,317.92,72.8,92.944,120.639,712.621,730.976,221.337,118.93,553.22
104.26,44.95,132.24,113.23,90.9551,103.123,379.936,461.549,291.698,272.82,245.47
170.68,49.18,200.06,47.68,90.6957,105.399,434.146,498.881,279.797,251.71,557.37
292.29,217.85,310.82,199.96,89.7626,128.637,2654.9,2662.02,448.36,337.77,673.01
904.63,46.28,483.46,104.53,93.2895,122.677,2354.59,2387.77,599.308,371.72,658.78
111.98,108.01,66.45,60.34,94.1161,100.609,319.718,405.852,260.559,253.08,126.79
155.24,65.66,224.88,165.71,92.3191,110.274,607.469,642.759,311.846,244.32,450.92
310.06,15.94,245.86,208.21,93.3233,124.742,807.414,820.041,266.356,156.27,454.07
103.63,38.29,102.88,60.06,92.189,110.492,301.615,371.711,292.03,448.98,571.73
137.06,9.28,131.37,94.33,88.7538,120.539,394.289,445.951,49.6716,22.04,463.91
458.1,77.07,247.97,93.76,57.2865,97.6372,870.472,897.612,360.812,239.06,341.73
283.23,275.81,397.28,165.72,88.6218,115.197,1149.06,1149.47,258.218,122.8,711.85
301.63,5.52,89.76,72.14,90.9464,133.268,593.461,680.425,303.865,253.3,237.63
393.67,253.38,318.64,117.22,89.1701,110.885,1145.53,1166.58,378.133,222.45,435.86
140.02,69.82,333.52,129.6,90.5853,122.512,1327.35,1425.11,538.69,490.58,463.12
213.33,37.86,74.5,56.67,91.7356,96.5386,221.568,422.519,371.773,377.35,169.55
243.94,93.44,205.23,72.7,94.8076,122.266,681.627,687.123,207.105,125.18,339.45
222.74,134.87,412.14,115.22,91.4051,124.693,846.147,959.608,520.421,408.39,558.33
126.02,35.64,342.03,148.47,89.2228,123.256,771.146,846.509,483.485,478.16,766.09
214.77,45.9,65.35,43.39,91.16,108.777,290.802,374.129,218.531,191.53,206.39
172.35,118.88,147.19,86.12,93.8452,110.371,725.325,744.707,47.9383,6.87,419.5
211.96,49.76,372.95,93,90.5425,123.131,730.867,784.992,370.897,275.59,465.95
258.37,10.75,211.01,161.73,90.8407,144.865,870.857,898.092,314.826,231.99,372.74
133.4,99.4,159.9,91.53,90.3427,122.396,432.142,520.396,333.077,296.93,251.43
122.06,74.91,157.45,110.7,91.2241,95.1245,428.33,532.904,291.955,237.24,422.67
199.86,120.29,63.26,61.66,100.12,100.321,421.05,505.354,302.236,262.99,259.2
149.72,119.33,462.01,77.05,122.451,123.37,951.219,1074.19,523.277,432.62,621.33
144.42,100.36,139.55,102.39,92.0185,120.455,862.302,913.765,340.008,314.58,331.89
108.55,36.82,137.19,38.73,90.8015,95.3369,799.586,823.518,137.133,76.6,281.76
164.61,66.56,246.5,49.13,89.8049,109.772,814.646,821.555,172.03,123.39,511.49
140.55,119.8,145.46,48.39,93.6257,69.236,528.808,585.102,276.034,223.11,241.86
551.72,276.29,485.29,74.61,90.3363,118.997,1372.61,1400.66,460.586,256.93,559.9
152.1,132.88,147.87,119.06,89.2569,119.403,843.419,845.64,102.896,36.46,266.93
109.36,69.72,154.2,114.33,68.2372,120.201,270.085,462.323,403.499,408.88,414.49
312.2,85.53,118.63,47.46,81.6081,121.539,562.003,625.49,375.165,353.12,276.35
142.84,123.21,232.95,70.48,91.4949,117.15,432.712,619.978,441.542,396.68,417.06
181.08,70.08,154.07,105.52,89.4344,122.637,684.472,687.71,120.551,51.18,591.39
294.48,82.25,448.72,94.99,91.3993,112.601,971.576,1016.37,427.753,304.46,638.71
206.36,34.35,76.79,63.98,92.3537,147.412,374.718,439.43,214.87,172.85,496.89
174.99,123.38,58.92,42.94,90.2156,91.4212,230.557,410.427,317.65,296.78,148.48
431.13,2.76,309.38,165.08,70.2331,123.077,1035.8,1069.39,375.996,244.01,474.46
231.79,58.8,142.04,101.55,91.7883,122.31,561.147,568.072,174.338,100.28,243.59
184.96,122.98,167.71,148.23,90.8054,109.988,634.083,682.139,346.728,276.94,315.94
201.53,160.25,159.76,109.04,91.9101,107.058,476.563,658.085,401.766,311.63,461.12
244.92,60.64,264.03,183.36,92.8353,107.131,1301.57,1310.16,227.528,117.1,447.39
157.06,137.57,948.46,352.09,90.7953,1164.72,1616.5,1680.68,603.821,491.31,1337.36
368.93,32.35,204.06,68.67,90.4967,115.937,586.517,693.032,395.667,308.71,471.79
218.42,141.06,183.8,51.64,94.7586,114.671,664.005,678.394,368.6,406.77,579.13
237.11,149,49.01,46.61,91.2016,110.574,960.488,1048.09,414.835,406.01,95.62
224.65,211.27,66.95,50.04,95.0554,116.037,399.974,588.386,488.885,550.75,225.77
107.33,55.95,246.65,38.78,92.2461,111.612,396.839,451.587,341.093,391.33,570.27
227.94,173.28,279.11,126.33,90.4956,129.173,882.956,935.295,398.458,291.68,405.44
432.5,167,253.09,41.1,91.1307,115.251,828.31,910.664,479.603,367.16,348.69
102.07,35.45,157.02,36.34,92.0465,118.736,498.848,561.164,266.347,264.86,193.36
252.88,28.25,255.29,144.54,85.8337,120.964,702.102,782.754,427.38,356.71,399.83
276.31,90.59,138.38,77.64,86.2958,118.276,855.067,941.658,430.228,394.82,216.02
206.23,67.71,271.6,233.7,59.1749,125.021,784.2,820.235,289.068,171.1,568.83
103.68,65.64,374.91,130.48,91.1781,117.516,525.629,684.808,428.719,363.62,776.35
442.93,119.02,240.45,190.44,90.407,100.082,1322.32,1384.12,537.157,414.81,506.75
197.63,83.49,318.42,112.42,96.431,122.748,725.391,762.752,285.394,176.86,430.84
333.34,9.52,333.98,118.75,89.6637,116.637,797.819,824.44,530.556,571.33,804.07
247.04,48.84,91.95,78.78,90.9216,69.2039,503.216,565.886,301.875,262.76,275.65
139.2,28.11,39.09,38.89,86.0073,114.228,288.358,346.546,217.543,244.45,77.98
253.54,84.39,206.52,85.24,91.7882,121.028,669.941,720.415,159.058,127.8,713.19
121.83,34.76,319.5,227.26,83.1002,125.584,590.51,744.448,265.278,138.73,927.21
277.97,248.17,634.84,69.51,93.3108,120.378,1264.26,1279.44,587.083,486.66,1026.39
368.9,164.59,286.41,33.93,87.7526,100.691,994.238,1037.58,224.569,98.98,593.22
358.39,110.6,247.46,150.87,92.8783,107.084,891.786,898.723,235.093,115.38,398.33
137.85,56.52,126.14,122.2,81.3611,110.875,404.495,498.025,313.619,278.48,248.34
170.94,68.52,91.74,57.13,96.6473,118.673,727.382,751.837,286.118,291.32,216.05
182.56,0.71,236.46,163.04,43.3358,120.392,730.801,787.31,321.273,237.69,513.52
107.36,50.28,103,48.12,94.3692,94.3672,391.29,395.114,118.706,91.92,228.21
150.71,90.95,115.99,47.59,95.9721,129.046,935.222,976.044,379.885,519.15,499.96
516.16,21.34,77.27,43.41,88.935,69.6681,638.723,777.644,448.941,374.06,153.07
141.59,65.28,108.38,95.48,90.3912,116.747,404.425,422.856,172.447,122.73,203.86
523.35,45.02,95.9,57.73,93.0917,89.8205,462.141,730.905,572.603,524.58,236.26
351.07,79.46,116.92,81.9,92.4319,105.245,511.435,648.483,216.564,101.02,495.57
330.24,198.18,341.7,33.11,72.2827,107.06,905.023,918.925,256.673,171.3,740.93
482.86,6.09,276.91,34.49,91.3486,104.395,886.698,905.335,241.369,120.46,368.44
159.18,94.09,156.57,33.12,91.0038,102.826,422.974,459.711,96.8543,68.72,447.74
109.04,75.74,142.97,100.65,90.3911,89.8217,469.995,477.144,186.885,144.97,288.4
163.85,157.78,234.03,44.09,89.7828,115.632,890.531,896.732,175.056,91.14,278.12
104.49,81.73,121.91,86.55,91.6809,50.4103,250.187,436.761,387.645,405.24,299.21
218.49,52.6,217.53,162.31,90.9622,101.408,611.436,668.616,362.879,292.12,412.93
182.48,177.74,179.7,33.02,84.7012,84.8072,562.289,587.49,150.288,66.43,372.15
155.54,43.58,124.27,108.59,90.9074,115.225,371.029,459.664,301.585,270.52,232.86
156.6,92.19,137.91,94.53,92.543,120.105,445.19,506.163,312.372,283.25,286.21
198.16,23.71,124.06,73.86,41.6679,70.0902,420.622,461.767,256.205,216.71,197.92
233.16,88.82,177.06,83.14,90.2346,114.583,569.333,638.317,361.564,312.63,260.2
180.86,123.65,205.68,153.42,91.1196,119.996,501.737,700.77,477.706,402.43,513.18
173.58,75.5,216.92,202.16,90.7452,123.607,643.572,669.067,233.558,140.76,529.17
347.02,343.33,280.94,183.39,92.6356,105.458,1160.84,1183.35,644.566,604.89,859.5
162.64,98.05,167.85,64.26,89.2392,121.728,220.741,509.17,271.744,276.19,757.62
136.5,10.99,205.38,91.02,90.2743,178.511,365.258,501.715,353.748,337.16,399.7
385.86,19.67,161.02,150.53,91.0816,122.708,733.319,746.026,228.111,126.34,311.55
240.47,29.22,378.52,152.78,89.5761,120.146,980.129,1023.54,323.105,196.41,688.68
149.88,130.94,115.22,31.33,92.8089,110.794,433.795,514.533,311.728,301.63,146.55
354.97,81.94,268.63,32.32,93.4593,108.465,766.645,781.916,361.219,339.13,582.14
553.7,71.1,249.98,172.34,91.4839,123.206,1118.21,1139.57,390.208,242.78,422.32
239.75,178.47,243.73,30.49,90.9045,76.1856,843.397,860.863,267.677,167.61,274.22
291.6,96.85,227.42,94.97,89.9325,123.651,844.777,847.362,190.636,94.51,322.39
288.74,78.73,309.68,56.52,91.633,112.685,1242,1267.72,348.237,249.62,366.2
150.62,85.45,148.17,66.91,87.6119,108.692,445.359,467.93,206.245,150.8,265.2
276.95,76.69,141.43,114.51,82.9922,87.1414,602.298,620.125,254.667,175.1,255.94
224.76,133.21,77.89,51.4,90.7385,117.707,613.779,685.382,335.583,328.55,129.29
107.91,92.08,192.24,58.04,86.1501,125.295,507.79,629.787,379.102,420.99,922.93
142.2,84.2,136.97,80.15,89.2563,119.002,466.347,473.365,155.696,97.41,217.12
112.81,82.45,183.62,60.79,91.5296,109.966,369.942,551.158,423.262,436.87,244.41
240.65,82.5,173.54,47.44,87.7419,93.8711,509.144,566.039,214.698,124.42,370.48
228.92,104.92,234.11,53.99,90.3396,120.168,560.134,712.02,507.09,492.09,328.84
193.29,127.64,243.69,62.54,90.1925,114.076,833.101,836.045,230.707,157.02,510.33
140.65,56.36,125.73,77.59,98.4728,93.8649,223.327,452.957,394.001,393.56,203.32
473.09,132.62,157.46,132.82,93.7643,110.041,934.861,1001.51,481.372,373.9,290.28
142.26,50.23,117.84,114.63,91.1216,92.6974,416.433,485.555,208.409,152.78,419
135.37,93.86,113.11,67.74,89.9951,115.015,560.918,593.952,275.222,280.26,349.91
115.19,94.55,155.43,91.75,89.0467,120.392,476.751,478.84,112.073,53.74,349.97
235.27,74.26,117.34,54.4,95.5646,96.2982,391.517,487.466,274.87,211.6,383.5
645.84,222.2,351.78,148.62,99.2771,111.347,2782,2821.28,675.71,497.77,500.4
150.7,59.27,244.09,176.65,90.7532,102.856,565.374,710.609,436.456,365.09,463.64
166.15,99.92,149.03,47.87,92.1828,117.914,332.712,500.833,245.873,214.74,942.45
214.62,85.78,235.06,42.94,94.2403,124.35,552.544,626.556,356.804,302.34,278
926.5,697.47,419.68,174.19,90.2083,118.536,2010.51,2279.16,1320.02,1059.18,593.87
337.14,100.89,364.2,100.31,83.8526,120.615,904.281,907.776,200.645,83.65,464.51
293.05,2.33,252.9,252.2,90.5044,143.911,987.413,1016.84,382.929,292.45,668.34
250.83,108.23,507.04,42.61,96.052,103.004,860.931,918.634,498.926,412.26,633.88
224.07,46.68,192.15,154.2,89.4203,113.186,827.57,856,276.89,191.59,417.79
166.71,151.11,165.09,69.6,93.3268,111.614,583.388,617.347,277.129,211.27,234.69
164.21,104.82,129.76,40.51,92.1798,53.764,423.964,461.247,237.129,183.02,170.27
370.78,171.6,516.46,159.34,101.96,135.121,1857.59,1874,439.733,265.37,712.5
576.96,9.05,308.85,57.68,89.4629,84.4266,1759.81,1787.97,442.878,309.82,366.53
138.04,33.1,174.22,109.02,91.1933,114.431,463.823,495.404,237.17,198.71,358.57
246.58,170.77,160.38,54.2,91.4955,68.7741,615.841,659.716,309.794,224.75,290.6
126.68,88.82,219.83,91.32,88.8823,113.841,576.253,582.452,150.759,75.73,311.15
264.61,99.12,173.19,49.47,93.1261,114.454,635.497,654.853,232.601,148.32,222.66
761.47,52.13,424.57,119.51,89.2487,110.267,1350.87,1383.09,504.973,309.03,544.08
273.35,214.08,452.26,43.57,90.1289,87.3658,1368.93,1375.41,283.302,144.76,495.83
244.86,105.04,135.71,57.73,88.3165,69.7917,547.314,572.692,251.313,179.04,467.76
451.13,222.71,304.08,33.6,92.5313,116.56,853.931,1027.22,602.343,463.98,391.59
247.53,157.94,1508.64,122.64,86.2995,2018.47,2983.73,3194.35,944.657,580.47,2177.33
145.46,59.23,106.04,44.54,94.1531,92.9985,382.377,399.462,150.334,119.1,252.64
105.27,28.16,278.35,138.4,90.9177,111.067,372.272,625.521,540.593,628.4,893.07
252.87,122.7,253.98,167.97,90.0351,122.811,704.621,820.259,494.255,409.12,496.02
336.8,121.1,198.57,95.77,91.0198,209.868,763.888,833.757,412.26,332.55,294.34
302.2,54.94,109.22,84.26,85.4532,75.9238,478.383,582.88,387.303,344.21,193.48
198.31,66.11,157.73,38.71,87.8526,106.825,555.585,574.497,163.874,93.98,309.12
