ptl1,ptl2,ptb1,ptb2,mll,mbb,mllbb,mR,mTR,MET,THT
275.14,0.59,101.97,97.05,171.251,242.277,515.87,572.752,71.3304,99.68,698.3
356.11,1,521.54,265.54,337.12,173.712,1232.97,1303.41,569.17,417.03,856.17
522.53,1.96,1000.47,124.51,61.9139,1231.79,2008.44,2041.14,616.919,430.19,1171.18
196.42,1.86,254.39,55.12,84.3085,243.512,930.129,930.212,74.4458,28.17,642.78
278,1.07,42.48,33.91,95.4977,65.8785,995.427,1030.32,114.036,355.36,698.16
304.34,0.76,83.87,78.33,28.7013,632.243,1287,1302.81,171.895,284.53,1018.77
387.15,10.3,134.7,85.14,88.5604,1141.54,2014.19,2028.32,155.306,67.87,571.04
244.49,1.95,156.21,59.45,91.5777,90.9362,873.385,874.029,115.464,61.32,399.58
232.1,1.77,172.22,79.14,51.8623,241.315,449.794,506.703,99.1229,106.02,740.17
210.66,0.61,229.13,122.76,23.3272,262.585,745.207,755.096,192.859,112.44,992.25
142.85,98.99,173.42,121.93,253.016,159.288,556.882,596.601,218.103,187.63,330.42
158.2,0.83,139.64,81.3,22.861,102.985,379.808,382.044,51.6395,14.55,337.56
168.74,44.69,91.13,36.44,209.321,244.557,638.233,672.783,67.8058,52.17,547.78
360.89,1.02,507.52,258.93,342.752,166.249,1226.71,1289.54,542.929,389.57,900.16
529.53,1.95,1005.87,124.25,62.168,1237.63,2024.08,2056.35,619.078,430.3,1177.99
366.31,59.64,326.2,48.02,334.036,411.164,1144.88,1146.97,169.775,85.12,446.87
650.72,3.14,723.72,78.16,561.565,179.425,1672.29,1707.65,362.966,162.85,1094.94
192.61,1.88,256.45,61.85,83.9344,258.255,933.946,934.032,77.7921,31.01,611.41
316.28,2,682.16,119.68,84.1536,163.013,1202.08,1296.21,482.251,293.92,1271.05
269.39,1.08,58.53,42.88,94.4444,85.9876,1070.9,1097.18,145.751,355.5,713.73
116.56,99.94,277.92,45.46,205.535,149.487,497.189,586.042,339.42,334.72,479.93
168.13,2.15,54.23,45.61,30.5067,114.102,328.781,340.075,64.1705,39.31,270.16
408.66,31.89,186.5,122.71,270.608,178.09,864.138,882.359,163.806,64.58,568.48
211.13,0.63,220.01,122.53,23.733,255.337,733.073,741.781,175.211,94.87,973.14
442.95,2.2,158.21,113.03,63.7277,90.7715,714.892,736.882,232.46,203.81,1069.88
170.96,45.21,90.9,35.84,211.916,241.036,634.736,669.749,76.3449,40.14,556.78
238.24,1.65,205.23,104.2,69.6533,569.404,903.529,905.107,202.791,182.76,596.19
199.44,2.04,183.24,114.97,38.0288,520.035,1068.76,1083.19,145.346,127.1,544.91
184.84,7.11,121.09,35.26,97.1435,93.6111,525.818,530.187,116.867,96.01,387.03
196.5,1.86,259.68,30.16,84.3256,148.298,904.422,908.72,72.2377,26.6,650.98
315.43,1.99,671.97,117.39,83.8301,158.884,1190.16,1280.82,468.333,281.26,1227.22
149.24,6.91,231.53,162.78,42.4186,88.9482,633.84,687.014,242.012,145.84,1002.13
304.63,0.76,523.47,104.36,28.715,805.367,1212.01,1217.96,340.142,271.88,1009.93
247.27,1.95,159.02,55.93,92.0969,88.2431,875.116,875.858,109.818,55.19,400.3
401.36,31.78,187.66,123.1,267.717,178.961,858.771,876.227,147.805,53.18,570.87
443.77,2.19,156.06,40.86,63.6418,1230.95,2272.71,2292.75,173.101,209.13,1058.7
276.15,0.59,320.77,103.11,171.565,355.137,766.108,768.945,166.893,102.78,694.91
171.75,44.5,98.12,35,210.73,249.376,638.275,674.948,75.8226,47.96,583.44
145.43,1.74,64.77,50.84,23.6546,27.5948,155.157,270.975,69.4076,50.18,533.4
155.7,127.82,72.29,33.37,276.442,96.7091,433.287,435.787,57.4029,30.13,166.5
149.57,0.96,151.46,77.01,38.0169,233.219,505.072,536.493,56.3797,69.85,439.38
198.54,1.88,255.73,63.53,85.2167,261.062,947.997,948.013,76.9051,29.66,654.71
104.31,29.51,203.47,52.12,99.7294,191.752,457.838,462.128,130.194,97.08,383.55
402.3,32.1,191.75,123.27,269.377,181.467,866.487,883.734,147.094,53.01,579.1
142,98.63,179.93,122.63,251.803,164.46,561.501,602.803,224.418,194.56,336.32
277.36,0.6,314.64,98.22,173.392,341.307,755.876,758.862,165.629,101.74,688.52
248.46,2.8,256.18,61.45,68.487,251.318,626.536,633.646,86.2813,33.05,676.79
167.58,44.18,89.61,36.95,207.407,243.176,635.542,669.585,65.1031,58.16,552.37
355.68,0.98,524.19,270.01,333.531,173.786,1235.65,1308.34,579.337,428.14,926.15
151.27,5.62,289.13,162.52,81.4467,94.3194,633.823,703.079,289.443,189.74,609.36
245.25,61.26,150.29,57.37,241.235,49.9853,528.443,529.596,131.502,80.81,257.5
361.78,59.16,330.4,47.62,330.626,409.173,1138.14,1140.32,160.665,76.38,449.13
513.86,1.49,1134.69,40.3,106.145,1483.55,2430.77,2511.01,759.471,506.69,1806.15
340.29,275.51,135.66,61.31,1630.2,157.222,1845.49,1845.56,137.692,153.38,756.49
150.39,0.97,145.86,75.6,38.319,226.257,497.436,529.06,47.965,54.96,382.12
118.62,10.16,196.75,42.81,36.2044,242.047,422.83,425.465,152.485,163.18,561.38
142.11,99.53,179.13,124.46,253.047,163.167,562.88,605.271,225.087,193.77,337.83
273.99,0.59,305.92,106.25,170.893,350.665,751.375,755.006,153.855,91.2,688.18
893.57,0.71,544.27,221.37,96.2486,152.977,1768.98,1774.6,197.506,51.22,1136.39
245.12,2.82,259.82,49.66,68.2677,136.778,668.35,675.046,49.63,10.17,634.03
527.98,1.96,999.96,131.51,62.2359,1267.73,2041.96,2071.96,606.661,419.4,1178.33
248.84,61.72,146.1,55.72,243.905,48.2976,526.632,527.555,129.751,79.48,253.36
659.78,3.15,608.7,191.82,566.361,172.446,1679.46,1713.41,323.444,136.3,1123.69
633.73,1.26,127.88,61.69,78.0382,93.1284,688.579,860.599,131.289,41.75,1136.46
194.02,1.89,255.32,62.32,84.4648,258.777,936.143,936.194,71.9772,26.51,647.06
148.67,6.9,228.95,156.99,42.3069,89.3035,627.205,677.995,236.664,142.15,984.99
265.57,1.08,39.63,35.11,93.7724,65.1753,958.754,990.545,114.907,361.32,719.34
118.35,10.25,195.82,37.32,36.323,230.51,414.606,417.827,158.151,171.01,558.21
185.05,86.36,96.35,53.16,288.457,231.324,578.419,594.721,149.762,175.75,253.51
391.56,0.56,178.54,36.98,268.721,79.7188,686.207,715.78,195.05,181.17,714.15
210.17,0.62,225.59,126.22,23.4903,262.4,743.281,753.369,191.764,110.57,976.92
433.18,2.2,121.15,114.91,63.021,80.046,661.01,691.897,205.304,179.94,1023.8
275.32,44.55,224.42,89.51,246.284,1004.59,1618.55,1644.07,128.545,165.84,706.26
361.75,0.98,523.05,276.84,336.365,174.769,1249.11,1320.78,576.068,420.5,932.58
528.86,1.95,982.75,125.99,62.1287,1229.9,2006.42,2034.7,595.177,409.41,1156.72
154.35,5.57,292.7,160.2,81.9049,95.2168,640.245,708.192,292.137,192.55,605.53
249.09,61.24,144.08,55.74,243.077,48.0446,524.328,525.227,128.989,78.83,249.46
362.38,59.58,334.25,47.13,332.072,411.4,1142.23,1144.39,158.721,74.11,452.61
194.76,1.87,263.55,62.45,84.1768,263.296,950.867,951.015,68.9792,24.25,658.86
143.36,4.47,87.71,53.61,60.6161,107.884,232.697,323.509,47.1318,10.89,297.33
247.13,1.95,158.82,57.99,92.0708,90.5563,875.216,875.886,105.952,51.33,396.07
138.5,1.11,208.44,54.25,102.34,236.313,569.412,571.24,129.67,122.47,902.76
401.84,0.56,355.9,180.93,272.226,129.323,1071.55,1080.18,297.585,166.86,704.3
106.21,1.34,208.75,82.3,25.0109,246.658,421.136,424.518,207.488,272.46,487.75
210.45,0.63,232.04,123.01,23.6947,263.603,748.678,759.253,193.01,110.81,1007.24
274.88,0.58,315.46,104.28,169.713,352.661,759.365,762.751,165.185,101.53,697.94
245.85,2.78,254.1,60.87,67.8826,248.627,620.056,627.161,72.4528,25.43,622.54
169.03,44.5,88.26,36.49,209.055,240.151,634.292,668.262,75.5422,49.82,539.19
954.38,1.26,749.19,146.98,256.376,841.524,2280.99,2290.28,316.637,133.78,1380.75
109.82,0.5,83.01,73.58,89.9677,165.765,1386.13,1390.66,27.1386,19.02,441.32
152.84,5.6,297.66,158.28,81.7225,95.7832,639.968,709.783,291.414,191.05,615.05
356.45,59.34,344.48,46.18,328.68,413.451,1138.19,1140.46,148.008,63.98,461.36
531.37,350.51,414.31,164.33,861.738,2778.9,8598.06,8606.65,736.757,1077.31,723.89
138.57,1.14,199.76,54.87,103.739,231.773,560.392,562.022,126.244,123.55,883.59
113.95,56.34,68.34,59.57,158.868,60.4518,298.544,334.496,81.8922,126.66,604.01
401.44,32.44,190.42,120.24,270.51,178.613,861.194,878.493,152.708,57.73,573.75
213.31,0.61,226.18,121.16,23.4735,256.975,742.214,751.125,185.093,104.41,973.63
358.44,0.99,513.28,270.92,336.526,169.729,1233.12,1301.83,563.77,410.53,922.24
537.65,1.96,976.14,123.8,62.8033,1214.96,2002.46,2028.62,580.717,391.84,1146.89
117.58,99.18,266.35,49.93,205.646,151.713,496.163,582.372,332.15,326.42,481.29
234.21,1.75,174.51,77.16,51.8023,240.231,453.13,509.289,106.539,111.2,717.31
395.89,32.03,183.68,122.2,266.93,176.397,847.346,864.45,146.803,54.76,571.42
392.34,0.57,370,182.17,271.38,132.93,1075.41,1086.83,319.644,187.73,720.94
106.5,1.35,204.43,82,25.1383,244.05,416.95,419.789,200.114,260.89,486.85
175.02,2.63,315.15,291.34,174.171,170.239,761.245,872.103,550.714,507.22,865.29
275.99,0.58,314.43,107.06,170.056,356.471,762.143,765.783,158.705,94.41,698.61
360.65,0.98,268.45,65.62,335.853,188.839,845.149,855.157,333.674,403.24,915.75
524.78,1.96,1001.17,124.03,62.047,1230.3,2010.27,2042.69,618.704,432.24,1172.26
152.49,5.57,274.62,162.19,81.41,93.9482,626.523,689.954,274.145,176.01,593.57
300.42,0.76,535.93,125.76,28.5159,164.386,967.374,1033.41,444.424,299.05,1017.55
166.62,2.14,53.83,53.18,30.2987,47.9578,394.702,400.812,61.6751,33.61,268.72
397.31,31.98,190.74,119.86,267.2,177.573,855.542,872.881,149.644,55.45,579.66
238.92,86.93,234.38,38.35,372.779,400.911,896.208,900.071,130.07,67.54,336.64
214.7,0.63,228.16,118.01,23.9328,254.684,744.337,752.889,184.993,104.57,1001.44
155.48,51.09,252.72,30.28,179.903,414.218,738.746,756.986,214.941,164.3,394.22
277.5,0.59,315.89,102.39,171.984,349.675,761.167,764.412,163.488,98.66,694.09
322.7,15.97,54.1,43.82,381.414,147.75,683.052,756.003,32.5497,75.39,590.82
170.26,44.96,90.38,35.38,210.896,238.872,631.428,666.309,69.475,46.77,571.97
217.43,0.55,393.15,87.22,25.6961,142.029,847.918,891.638,181.412,72.85,944.89
362.1,59.4,331.59,46.95,331.442,409.436,1138.18,1140.36,162.108,77.42,449.41
658.49,3.22,702.73,67.69,572.059,169.307,1657.04,1688.48,284.151,105.97,1070.24
149.77,0.97,146.45,83.27,38.24,237.892,510.633,542.345,43.18,57.92,434.85
196.14,1.88,80.71,61.45,84.7,127.747,679.778,720.741,84.0354,25.73,643.17
115.34,99.71,281.26,44.4,204.221,147.042,495.781,585.991,337.419,328.36,486.54
234.33,1.77,182.28,84.08,52.1108,255.955,467.997,524.59,101.347,102.67,726.76
168.19,2.14,53.65,42.38,30.4411,109.726,323.297,335.354,54.9675,31.24,213.32
138.33,1.12,213,99.58,102.736,271.525,559.253,581.718,152.349,131.07,907.9
112.35,57.5,72.71,59.94,159.365,63.1054,302.911,340.576,82.2881,122.92,604.54
386.82,0.56,361.91,175.32,267.09,125.427,1052.78,1063.26,314.96,187.29,714.76
224.59,8.06,65.35,60.75,121.594,107.618,350.436,382.911,70.6366,74.98,421.47
212.71,0.63,227.83,127.33,23.8216,264.261,749.203,759.233,186.994,104.5,981.71
157.58,1.76,849.28,36.38,69.3602,203.248,864.219,1129.09,790.595,708,1013.93
476.07,9.21,65.37,44.38,259.236,38.4404,1876.35,1951.05,83.2431,287.1,1174.51
385.73,2.36,338.8,186.3,223.372,152.785,973.652,985.406,266.479,136.67,658.23
247,2.81,258.96,42.97,68.4074,127.796,657.648,663.264,60.9408,16.12,615.13
152.66,5.61,291.32,167.29,81.7472,98.1968,641.843,712.466,295.121,194.67,616.66
247.14,61.25,146.18,56.35,242.143,47.8921,525.179,526.081,128.84,78.71,253.56
312.19,268.51,312.19,33.54,579.278,260.216,952.151,990.279,296.466,279.28,393.44
195.99,1.87,255.38,60.96,84.4422,255.194,939.268,939.314,73.8767,27.59,646.2
117.02,99.79,274.81,46.45,205.785,147.098,496.25,584.551,338.475,334.61,481.88
233.65,1.76,175.75,44.98,51.888,169.811,403.824,476.816,112.749,89.03,727.66
137.62,1.11,207.58,55.56,102.014,238.256,569.511,571.293,132.784,128.72,898.47
399.72,0.57,366.7,185.52,273.92,131.03,1084.71,1095.18,314.154,181.1,723.98
151.03,5.63,284.07,161.71,81.4545,95.6526,629.559,696.918,282.847,183.71,604.35
163.51,0.58,137.42,46.98,7.97849,346.232,659.33,662.297,73.3624,45.89,487.94
656.69,5.72,301.72,51.69,252.998,80.7032,1337.96,1385.45,166.665,81.58,907.49
326.41,1.99,689.69,114.89,85.2767,163.235,1222.49,1312.45,480.97,290.47,1227.98
233.39,1.77,179.24,84.28,52.0062,254.11,464.227,520.609,102.461,106.08,734.76
136.19,1.14,203.99,54.69,102.845,234.672,561.871,563.63,131.498,129.42,888.9
213.42,0.64,136.16,128.8,24.05,265.307,624.442,628.168,135.028,101.11,985.37
309.14,0.87,183,147.97,18.9902,148.964,312.454,646.232,204.998,75.59,506.09
158.03,0.83,81.81,38.41,22.8487,136.829,287.911,314.693,32.2599,16.78,339.72
171.04,44.84,92.45,36.69,211.096,246.394,642.605,677.611,70.399,45.61,575.9
962.97,1.3,757.95,54.15,261.583,547.102,2172.89,2182.05,323.715,134.01,1394.89
357.95,59.37,329.2,47.31,329.454,409.059,1132.61,1134.77,157.577,74.05,447.22
151.03,0.97,150.76,70.04,38.4005,221.622,492.744,524.494,61.1444,58.55,418.81
148.9,6.85,228.59,158.33,42.186,85.3143,625.113,676.35,246.634,153.82,985.72
114.94,100.3,269.77,43.39,204.469,142.699,488.263,572.943,327.121,321.21,477.57
203.65,0.76,148.82,57.11,68.1675,457.903,713.819,737.287,116.202,103.76,514.8
540.02,347.22,416.49,161.97,864.637,2760.67,8646.22,8654.42,731.63,1062.18,707.67
212.21,0.62,226.77,121.22,23.604,257.26,741.918,751.141,185.458,104.6,978.49
168.89,44.87,91.06,37.05,209.835,246.166,640.966,675.615,63.3242,46.23,587.14
359.55,1.01,503.32,272.68,340.434,171.66,1230.94,1296.69,553.772,400.62,911.82
526.13,1.96,999,123.75,62.1268,1228.38,2009.5,2041.35,618.036,432.28,1122.75
807.27,3.65,94.28,47.94,911.088,66.1331,1167.21,1402.45,209.263,497.32,1655.15
151.41,5.52,288.32,163.11,80.7563,95.3297,633.683,702.831,289.876,190.72,611.55
146.4,0.97,151.21,75.88,37.8073,231.168,498.599,529.237,56.6627,65.01,426.79
149.42,6.91,236.45,164.55,42.4442,91.9292,640.994,695.92,255.799,159.67,1007.32
304.37,0.76,124.91,31.02,28.7028,210.617,551.957,574.511,211.743,306.87,1034.47
243.15,1.96,160.28,50.3,91.5603,77.4345,839.583,840.289,115.501,63.14,400.48
302.28,2.03,1839.34,1800.65,34.1859,3794.27,4176.04,4249.14,841.604,671.24,3705.85
233.53,0.7,146.99,82.73,36.8374,464.397,691.03,714.317,114.977,71.32,500.56
181.36,0.93,65.48,52.43,24.0715,94.4641,327.9,353.223,73.0209,34.96,174.36
440.23,298.49,115.63,59.43,735.557,308.004,1373.15,1389.5,165.36,123.57,524.72
169.67,44.56,88.79,37.2,209.592,244.003,641.689,675.992,74.3029,51.6,539.8
150.35,5.6,295.65,154.51,81.0541,94.9603,630.369,699.513,290.309,191.4,606.35
250.48,61.75,150.73,57.72,244.767,49.5834,535.136,536.16,129.707,77.61,255.57
345.26,277.48,140.85,60.42,1647.92,158.939,1868.4,1868.48,140.893,154.8,763.77
636.26,1.25,246.03,131.07,77.884,1013.15,2452.44,2563.74,150.963,39.05,1134.09
195.56,1.88,256.11,80.66,84.5747,195.688,1077.34,1081.68,76.2032,27.66,647.95
148.22,6.85,160.62,90.45,42.0895,224.938,529.463,529.718,147.198,153.07,995.5
117.39,100,272.52,42.83,206.327,142.74,490.227,576.64,333.068,329.46,481.36
138.5,1.14,206.61,56.43,103.713,239.336,571.479,573.147,129.114,123.64,903.38
396.62,32.09,187.92,122.6,267.426,178.723,854.207,871.147,152.463,57.68,580.23
384.73,0.57,378.09,164.63,268.735,127.963,1057.55,1068.84,312.455,182.42,677.03
105.34,1.34,203.95,81.09,24.9082,241.836,413.908,416.979,205.377,273.85,488.68
845.11,262.18,117.43,49.69,992.085,156.876,1580.82,1679.71,220.251,80.37,384.29
142.41,98.22,177.37,123.32,251.641,162.981,560.327,600.959,220.847,189.29,336.2
103.31,78.3,97.88,40.7,143.944,78.1416,342.999,343.598,42.4601,15.48,138.58
242.67,2.81,252.25,49.72,67.8051,135.369,657.706,663.888,65.3939,18.13,612.93
366.08,1.01,506.4,269.5,343.512,171.678,1241.05,1304.34,551.393,397.13,914.16
109.58,0.5,84.46,73.35,89.8693,167.187,1398.89,1403.49,30.9328,22.16,439.62
253.83,61.88,145.58,56.07,246.658,48.5434,531.862,532.739,131.326,80.55,254.91
662.19,3.11,694.8,65.84,563.78,168.771,1643.77,1674.09,258.398,86.82,1047.79
149.58,0.97,155.53,75.98,38.2157,234.152,506.244,538.247,62.284,64.41,438.43
297.69,0.57,184.05,58.62,17.8692,67.9633,666.551,686.055,192.385,161.67,630.38
194.23,1.89,255.9,64.62,84.5104,263.764,939.966,940.005,73.9054,27.89,650.6
149.64,6.86,117.88,88.75,42.3215,203.836,427.708,439.151,94.4707,135.57,981.12
245.41,1.95,155.18,59.02,91.7498,90.5555,873.099,873.788,107.955,53.98,398.92
212.93,0.75,246.57,70.39,115.496,99.3717,910.965,917.605,225.877,176.36,851.66
396.53,0.57,364.83,177.99,272.825,129.325,1072.01,1081.74,306.987,176.05,715.11
214.56,0.6,225.93,122.47,23.3484,259.573,746.258,755.128,189.478,108.95,991.99
231.54,0.69,148.7,85.59,36.418,367.619,604.533,617.763,118.678,68.3,398.83
322.62,15.87,58.64,43.22,380.171,153.493,686.249,757.47,40.5919,68.74,580.48
358.81,1,519.93,261.45,338.396,169.264,1232.2,1300.09,559.546,405.79,919.36
151.84,5.6,285.9,158.18,81.4547,94.3512,629.43,695.762,279.566,180.59,602.88
195.34,1.88,260.65,57.31,84.5271,249.288,942.99,943.17,62.0903,19.55,655.89
116.38,99.27,271.36,44.5,204.686,144.505,489.489,576.417,331.362,326.07,467.32
233.71,1.77,168.83,81.79,52.0419,243.318,451.488,507.429,95.4923,96.56,726.32
107.15,1.34,208.4,83.3,25.1213,248.25,423.123,426.227,205.023,268.21,495.54
141.7,98.21,180.22,126.68,251,168.258,564.682,606.919,224.616,192.54,341.19
249.35,2.81,253.62,60.69,68.732,249.354,624.151,631.321,77.3211,28.44,594.24
248.08,61.49,144.69,57.39,243.078,48.3977,525.919,526.784,123.811,72.62,253.97
260.86,0.85,584.3,36.39,95.4218,128.771,1022.17,1082.82,251.421,103.61,875.78
656.56,3.14,602.66,184.29,564.079,171.981,1663.33,1696.39,307.033,123.96,1103.09
318.6,1.99,701.84,118.75,84.2503,164.278,1220.29,1319.27,506.607,316.23,1252.46
148.47,6.95,228.85,149.79,42.4313,82.3594,616.859,665.437,225.917,132.8,734.21
115.81,99.96,276.42,42.02,204.893,142.113,490.217,577.542,335.279,331.72,484.74
209.6,5.75,121.78,68.73,189.282,95.1573,453.761,500.8,133.378,131.38,717.77
142.5,99.22,173.11,125.55,252.999,163.078,559.21,599.583,220.161,189.94,334.68
462.48,9.25,66.08,43.29,256.063,38.9308,1839.77,1912.4,81.1505,289.4,1181.17
275.33,0.59,315.28,94.31,171.31,335.091,749.512,752.149,169.984,106.32,684.01
170.23,44.69,93.47,37.84,210.243,229.564,525.393,572.869,70.0604,57.71,596.41
525.99,1.97,985.36,128.54,62.2768,1244.31,2015.09,2043.74,594.406,408.32,1160.93
152.47,5.55,283.27,160.54,81.2583,93.9036,630.603,696.457,280.978,182.47,601.03
195.64,1.89,258.27,68.21,84.8166,272.048,951.369,951.412,88.0479,39.23,630.44
119.02,10.27,193.09,45.11,36.4612,244.576,423.419,425.54,149.485,161.97,555.17
304.66,0.76,549.55,32.73,28.7164,346.757,956.888,993.542,409.809,293.71,1023.85
185.67,86.23,96.88,31.44,288.722,30.4897,374.548,435.111,190.866,181.15,289.77
398.38,32.09,188.15,123.41,268.019,179.369,857.276,874.361,155.456,57.83,557.89
142.26,98.93,178.28,128.61,252.416,166.741,565.161,607.833,227.016,195.82,341.41
279.35,0.6,310.9,98.17,174.013,339.257,753.791,756.841,158.528,94.59,684.47
385.98,2.38,188.98,57.1,224.389,935.349,2005.45,2021.32,139.755,137.46,661.12
364.55,0.93,540.85,272.35,328.937,176.328,1257.68,1332.51,586.252,428.02,949.89
152.42,5.59,287.81,163.68,81.5372,96.2752,635.743,704.292,287.035,187.19,611.04
249.62,61.52,145.43,55.92,243.891,48.08,526.941,527.789,129.513,79.28,253.44
357.33,59.52,336.42,45.46,329.584,403.651,1127.24,1129.31,153.46,69.94,450.61
196.04,1.87,259.21,59.73,84.453,255.252,943.416,943.514,71.6248,26.06,623.48
274.63,1.07,44.07,32.76,94.9171,66.0546,995.301,1029.97,112,346.64,689.37
118.33,10.23,195.34,38.31,36.2845,234.129,417.117,420.229,154.204,163.17,589.13
243.25,1.95,156.45,56.41,91.3452,87.9236,862.755,863.447,106.861,52.72,396.39
137.22,1.14,205.46,57.02,103.233,240.81,570.359,571.975,128.691,124.28,899.82
394.6,31.97,187.52,121.1,266.245,178.09,850.253,867.021,147.383,54.11,568.68
211.18,0.62,223.11,121.34,23.5467,256.602,735.647,744.528,181.13,100.88,979.18
214.91,10.21,96.49,30.59,93.1477,155.841,410.1,429.642,132.18,102.21,372.27
248.72,62.04,144.61,56.08,244.478,47.0158,525.204,526.034,129.118,79.3,251.57
150.1,0.96,142.49,70.25,38.0842,216.131,483.762,515.323,51.7993,57.17,373.14
624.23,1.27,247.18,135.83,77.7566,1033.32,2448.3,2555.38,134.042,40.98,1132.55
325.29,1.99,690.99,117.12,85.1303,162.515,1222.68,1314.34,483.078,292.21,1248.5
117.06,100.04,273.97,39.96,206.078,137.759,485.85,572.424,329.946,324.42,480.51
245.58,1.95,158.11,54.93,91.7816,89.3369,863.545,864.302,107.631,54.02,398.58
135.97,1.12,212.47,54.94,101.856,239.721,569.989,572.002,138.869,135.64,901.28
215.41,0.62,226.72,122.55,23.7813,258.664,748.767,757.634,177.274,95.11,998.33
279.73,0.58,317.09,101.99,171.204,349.756,763.574,766.774,163.311,98.67,688.99
103.92,78.4,93.83,39.74,144.46,75.2051,338.273,339.159,36.9495,12.01,133.57
170.2,44.6,90.95,35.39,210.013,240.115,630.765,665.786,78.9018,48.34,593.99
248.91,61.41,149.94,56.85,243.326,48.8805,531.469,532.478,129.379,77.95,257.55
344.06,270.91,66.1,62.01,1625.46,100.106,1815.27,1826.04,64.3434,146.7,748.82
653.92,3.19,690.57,68.97,567.409,166.108,1639.99,1670.06,295.519,119.87,1068.38
395.64,0.57,363.42,173.14,272.519,125.04,1064.18,1073.37,305.067,175.67,710.88
211.92,0.62,224.72,121.4,23.5879,255.835,738.189,747.139,182.43,101.87,991.53
154.77,51.46,256.53,30.16,180.14,414.713,738.766,758.13,220.85,171.1,396.77
534.19,1.95,997.65,129.12,62.441,1253.92,2037.68,2066.65,600.931,411.63,1174.45
120.83,6.63,267.98,50.32,81.0417,64.1721,203.696,473.053,115.115,87.56,826.01
150.43,5.61,172.64,49.66,81.148,268.91,647.596,649.245,167.575,196.08,617.97
361.16,58.9,322.82,46.57,329.616,401.643,1125.76,1127.83,161.334,77.72,438.72
117.33,100.99,277.1,45.1,207.293,151.255,499.783,588.041,340.007,336.45,488.35
233.98,1.76,175.14,84.07,51.9246,250.966,460.153,516.752,98.5073,109.79,727.42
391.18,32.19,187.93,124.45,266,180.147,851.182,867.419,147.498,52.89,567.5
142.96,98.84,182.61,124.54,252.921,166.543,567.455,609.693,225.743,193.67,342.36
195.99,8.35,210.72,125.56,207.057,299.965,655.633,656.613,234.71,267.55,809.86
280.44,0.59,316.02,102.63,172.893,349.557,764.298,767.624,162.578,97.16,691.66
153.93,5.59,278.23,164.66,81.9401,95.2906,633.531,698.234,277.819,178.64,599.83
147.2,0.98,147.85,76.86,38.1054,229.682,496.829,527.981,49.2524,54.41,387.07
147.72,6.91,219.31,162.2,42.2021,83.8103,620.402,670.449,231.396,137.78,977.71
391.06,0.57,362.27,171.25,270.937,126.716,1056.83,1066.07,299.993,171.13,702.92
105.79,1.34,209.24,81.64,24.9614,246.13,420.265,423.775,208.331,273.86,492.46
155.6,50.93,247.84,33.93,179.69,321.879,628.263,646.402,209.175,163.47,353.58
141.84,98.72,173.63,127.23,251.776,163.814,559.543,600.765,219.184,186.36,336.59
157.1,0.83,140.85,80.45,22.7814,103.629,378.656,381.084,57.4257,17.25,334.41
277.48,0.59,316.52,103.22,171.978,351.647,762.755,766.039,162.663,98.64,657.01
109.07,0.5,81.7,71.76,89.6599,231.861,1271.52,1276.28,28.4374,23.28,435.09
152.37,5.61,289.19,172.44,81.6696,98.7052,643.147,715.401,296.337,194.42,621.39
650.02,3.12,590.02,176.19,559.473,164.987,1635.63,1666.62,296.997,120.23,1079.12
196.41,1.88,256.45,59.83,84.7583,253.609,940.48,940.545,80.6159,32.92,648.97
259.24,1.07,58.73,41.76,92.2192,85.2195,1046.72,1071.25,146.317,361.92,710.65
117.13,98.95,275.88,48.36,205.014,152.739,499.28,589.09,341.079,336.03,486.63
213.15,0.75,242.77,75.8,115.556,79.3326,939.196,945.337,229.224,168.61,853.98
169.11,2.16,53.38,42.53,30.6666,110.152,323.515,335.953,60.0463,34.77,234.29
476.36,14.93,66.78,53.27,161.077,323.082,1790,1832.65,376.868,318.86,410.52
241.52,2.8,259.84,61.16,67.5238,252.367,622.99,629.662,57.5794,16.56,657.7
150.92,5.63,281.62,166.66,81.4248,94.331,631.464,699.79,286.342,187.08,607.33
249.16,61.73,145.96,55.58,244.082,48.4194,526.905,527.779,128.665,78.3,251.25
324.42,1.99,687.98,117.83,85.0163,161.752,1218.88,1310.3,485.323,295.46,1262.83
245.41,1.95,156.99,58.62,91.7498,89.7225,872.211,872.923,109.648,55.29,403.36
208.12,5.76,125.71,112.3,188.776,142.758,606.375,633.908,153.759,134.1,742.43
234.73,1.76,178.37,82.68,52.0078,251.856,464.328,519.78,102.173,113.77,725.48
399.48,31.72,193.49,121.85,266.837,180.503,863.681,880.794,148.362,52.46,570.65
225.93,8,63.91,60.35,121.501,106.458,348.509,382.228,72.3325,80.67,426.39
475.42,138.21,64.12,43.15,513.37,651.595,1214.91,1286.91,52.6824,39.88,144.63
275.32,0.58,318.36,97.21,169.849,134.509,749.874,763.467,201.142,100.79,696.15
527.46,1.97,1023.13,124.15,62.3637,1246.39,2035.73,2071.2,639.26,450.35,1195.83
250.41,61.18,148.27,57.11,243.601,48.9961,531.39,532.348,129.717,78.34,253.8
657.94,5.7,300.9,50.34,252.796,79.4088,1333.49,1382.46,152.727,69.49,900.55
662.36,3.14,713.43,75.73,566.565,177.854,1673.22,1706.43,334.18,143.7,1100.66
182.56,7.06,110.83,35.68,96.2025,90.2906,503.378,508.137,107.899,88.14,408.64
303.75,0.76,536,78.34,28.6735,206.797,917.234,960.223,412.476,289.34,984.57
136.69,1.14,206.42,55.28,103.033,237.477,566.303,567.956,133.691,131.71,903.15
397.86,32.35,193.58,123.76,268.927,182.559,865.486,882.304,141.83,48.28,572.79
395.69,0.56,374.65,163.97,270.135,126.381,1066.38,1075.73,301.501,170.95,705.91
211.45,0.62,226.97,122.75,23.5617,259.36,742.376,751.927,183.176,101.59,980.65
143.61,99.64,177.87,128.05,254.519,167.996,567.911,609.483,223.162,190.83,341.55
276,0.59,320.47,98.81,171.519,346.112,760.519,763.253,169.734,105.89,697.31
243.05,2.79,257.53,33.2,67.6162,191.536,702.97,705.715,74.1206,23.1,641.57
967.41,1.28,755.29,160.37,260.16,874.836,2319.44,2329.51,316.079,132.15,1411.13
525.52,1.96,1002.87,126.77,62.0908,1243.47,2021.78,2053.76,617.65,431.14,1177.65
247.09,61.85,145.11,56.51,243.302,47.7924,524.608,525.497,125.911,75.49,252.64
356.55,59.42,338.89,46.78,328.948,414.628,1138.34,1140.49,149.009,65.46,453.13
183.81,7.12,118.57,36.36,96.9406,94.9015,520.495,524.544,114.877,94.17,417.53
325.37,1.98,692.5,119.4,84.9265,164.261,1224.5,1317.42,491.718,301.27,1240.76
117.45,10.22,195.15,38.15,36.1317,232.509,414.78,417.889,162.225,179.94,592.13
302.82,0.76,552.14,111.87,28.6296,160.456,971.123,1037.03,447.366,301.88,1023.05
118.2,99.96,268.86,51.1,206.996,157.156,502.787,589.974,337.253,332.57,484.92
248.4,1.94,158.53,58.48,92.0701,90.052,881.827,882.526,116.425,62.28,406.35
174.1,2.67,282.61,78.97,175.028,536.156,1002.89,1018.75,402.53,486.17,844.19
179.76,0.93,66.65,51.18,23.965,93.8085,323.977,349.517,73.1078,35.9,177.64
279.46,0.58,315.98,102.95,171.121,351.183,762.709,765.937,160.189,95.44,697.66
171.88,44.77,63.06,35.59,211.449,102.065,1111.63,1128.5,25.0361,43.78,607.64
529.99,1.94,1001.83,127.99,62.0353,1251.35,2032.7,2063.35,610.113,421.75,1177.09
249.07,61.65,147.97,57.87,243.879,49.8641,531.009,532.034,130.055,78.82,256.15
657.62,3.11,597.09,182.87,561.831,174.065,1656.12,1688.68,298.362,117.46,1090.28
648.5,1.26,248.17,125.76,78.9423,999.607,2474.56,2590.13,165.986,48.94,1139.81
196.64,1.88,255,63.25,84.8079,260.381,942.049,942.071,73.4559,27.32,677.01
148.9,6.95,233.84,152.69,42.4927,85.116,625.043,675.913,235.975,141.42,992.68
138.52,1.12,208.65,55.86,102.807,319.017,764.697,768.388,163.151,127.29,891.37
114.41,57.13,73.98,57.04,160.301,59.404,301.711,339.809,83.2375,122.87,618.32
157.5,1.76,866.74,36.17,69.3426,204.85,871.57,1145.88,809.647,728.16,1037.37
